0x1ac8858e29cbe5c8d6b60ec4d3242ed0f81bfe9f,1
0x1b7844cfae4c823ac6389855d47106a70c84f067,1
0x3852471d266d9e2222ca9fdd922bafc904dc49e5,1
0x3d885cb987c00fe980c20e76e21c53313f43946a,1
0x4269aadfd043b58cba893bfe6029c9895c25cb61,1
0x47c553e889f7bfa75cf3775473180a04e9effcfa,20
0x61d9d9cc8c3203dab7100ea79ced77587201c990,1
0x76d078d7e5755b66ff50166863329d27f2566b43,1
0x7ba3e8f17582462676c44dd143388ed4b6b20655,1
0x7f3774eadae4beb01919dec7f32a72e417ab5de3,1
0x885846850aabf20d8f8e051f400354d94a32ff55,1
0x8889ebb11295f456541901f50bcb5f382047caac,1
0x88d3574660711e03196af8a96f268697590000fa,1
0x8ba68cfe71550efc8988d81d040473709b7f9218,1
0x8e63380ac1e34c7d61bf404af63e885875c18ce3,1
0x9769334fc882775f4951865aa473481880669d47,1
0xa62da2ea9f5bb03a58174060535ae32131973178,1
0xa743c8c57c425b84cb2ed18c6b9ae3ad21629cb5,1
0xaf5c021754ab82bf556bc6c90650de21cf92d1c7,1
0xbdf82b13580b918ebc3c24b4034e8468ea168e21,1
0xc03e57b6ace9dd62c84a095e11e494e3c8fd4d42,1
0xc6400a5584db71e41b0e5dfbdc769b54b91256cd,33
0xdda3cb2741fac4a87caebec9efc7963087304097,1
0xe16df6503acd3c79b6e032f62c61752bec16eef2,1
0xe70d73c76ff3b4388ee9c58747f0eaa06c6b645b,1
0xf9e129817bc576f937e4774e3c3aec98787cfb91,1
0xfd22004806a6846ea67ad883356be810f0428793,1
0xfe3b3f0d64f354b69a5b40d02f714e69ca4b09bd,1