address,value
0x2135589bdf50c0226393c48514612145e2d3bedf,1
0x02fbd51319bee0c0b135e99e0babed20df8414d2,1
0x7bc7620d0d84ef434cfa527e0716ae5716e24b02,1
0x4b433b2b17bb0cfeb3eecd6a082bf6e1bdffabf4,1
0xe65435797497d5be25f33d70d26698ec32dd6a0d,1
0xd60cb66b1d91a99818c9a57d7c464c440f664c5f,1
0xe957b0829c6ae6ac461d7365b7927e1ff604114b,1
0xecb1c59d0c2e34efb1a0805f9f95290f16046878,1
0x17c5cb83b05e0f8f678b5817a66cdde7328f3aa6,1
0x2522a1a91830e7934d9da6d10eeeddef88ace7ac,1
0xa19de6dec591d1793b438eca85fbd01a759421ea,1
0x6c359ab465ec8f893fb6c4243810f4d8933d71b5,1
0x0ee5f160dea51ab9b29e5c5b5c5d08878d9f92b5,1
0x170fb8f8f37776dc48184686dec386d2d1c41cc9,1
0x7f23534387ffbd9c5fff4868c34be54c69c684cb,1
0x32d3e3126ad99e48ff769fddc3e26a528b8c2c02,1
0xdcbc0c22eb301fd12266892bdc21b316b88f494a,1
0xd095197b164fbc29f08623c8d57e3f9484283593,1
0x29bda07c9dd54f3e84dab4a4c3d7d024b9739d9d,1
0xba42943cbcc7b3f5b76d06ca9a444f913e09201a,1
0x89b88287e2905003551f06ed77c3491be360de8d,1
0x297baa7d8b38330349250799af489e35ac1ef9c1,1
0xd7138dd6e760db27fd7434b79da5fe11bd2aa199,1
0x5e9c0665630b8659180da179cd789edea40152d3,1
0x12f0b9e47f368e5aef7a4ac367ce1c0aa907cbf7,1
0x777c87cacd482f5f5667859bc0a83acc7c931151,1
0xb60d319664359e5045e204c80ec244bf545b9d95,1
0xdc7bfc3058654da90692457f68ee3a34e2dd3908,1
0xb6c4ce4eae85066f8fc45093d12444c8b89a6aa9,1
0x332ab3f0dd19b601e988024bce17c9795a8c88f7,1
0x91006ced6152bcad20decc9f4c1158f47c512331,1
0x69dfc587589868716dbed6667cdd50073edc8f9c,1
0x92a93805eef9e123a1668562a382da5d0ad1f2a5,1
0xb63e374ee7a67e59203fa8931eb926a0fd9c10e7,1
0x6ed7f81208839e31e11840049201201c469a7a56,1
0xead151b98500255336f21cfa55e4fff25b5421ef,1
0x7855227676cce7592e4024056ba2073998f1ead2,1
0x79d18826ae673c828f0beb90eaa98f97eaa616b1,1
0x75749be2cb9f4294b29c35e968b32c3ccd09088b,1
0x5dc97f41742524ecb3885ea3cc33439c100acdb3,1
0x4fb930ade49d661e81ec4d5320eda9e5d27eeab2,1
0x01e92264abaccd5e77be8a9a0ed5f1115fa36163,1
0x0bd31f087f85de4a84a985c61501b69654595f5c,1
0x5322d25a83fedb9055fbdfaf3e485821438871dd,1
0xf599a05b4ea846a5afa1db274b508bb1ba1ddd93,1
0x4a7a76e2c061ac51d7794b2a9003338ab1f13d68,1
0x38c3cabb114f9eb5393ebf28d8473733121801b7,1
0xd83e662b83880081741d0e810c3fe8630fa6cb4d,1
0x1431d4cf90be4035d113494178bbd635975c5e01,1
0xb6bc666d1d9a1d8ad8c8d83acba3e8b3d5f5d685,1
0x79ee25d629511864008077c28682adb2d003383d,1
0xe7c7652969ab78b74c7921041416a82632ea7b2d,1
0x7b131b2634ab3e2bbbb4cca2b24cd5eebfc13e9e,1
0x5c12edc9472838534c25a97fd8d7ac0747a3f326,1
0xbb68512e92e324e9759f62e437c77642c829797d,1
0x1635e11ad250443fc3bc7beef75e47a601b25d93,1
0xe113e7b1e8ecd07973ea40978aed520241d17f27,1
0x9b39e04cdc486ace3353cb009b9b9a16cc9220cb,1
0xed690606f908361c26bd2b1ad4fa31ed201dca4c,1
0xb848a0b0ba24a233e2f05d0a382e1c2035bfc5f0,1
0x253fa2b0b8ea13bc1329d3823a22742e0cdb4e75,1
0xf0c11838870ca444f5dc0ba0271a36bb9d9f81ec,1
0x478454599df852e11524083605457875e50ceea8,1
0x8279b7167c17d11fe60238248eef4aa9e750b2b6,1
0xc2dd18c444c29d57e8b7b62ba87daea2042a1ee4,1
0x4c420110bdc4dbf16e8d5e0b559168dace5f58b5,1
0x6284b018753ace6d43cfc04449f6d8f1575a8092,1
0x671e5668e4650cd621b48c0be7582716f9f1ff6e,1
0xd635a4360718ce6dcdc549c46005e9f40266d370,1
0x808421753a181e96812796b7ab43d3f356cc5a77,1
0x25cbbcb4b10f6e4fa70f6116fa4eb86bc80d564b,1
0x61cb53ba546c5264cbe9324843a25882cb82e1db,1
0x427b543dfbf2e14f5d7a22a6c619d4bded7ce279,1
0xe0f8c0fcdf09a3b9ad474f128ed9d4269edddcea,1
0xb40266773f74dc193e59f791c6e2f99f7d8dcb90,1
0x18ab104b9b143aaff5111234ebda33d0dc4e401f,1
0x1682df2df8142948cc3f6c6cb1150a0d53a3c9f7,1
0xdca334874727e8f67070e16b20e8f02ffc4595c2,1
0xaba2407532c89b522f9075c7676e1fb94d664103,1
0x90113cbc08169e8f9e58debd3fc36de3135eebb5,1
0x9254fad610d5af7c2af34532f41dd8c0f9c6871a,1
0x546c553b189d5032992e3095df53efeeb027c9de,1
0xa2d51b5832d7f5972e82ad985c408134d3473817,1
0xe56c4f6bb5e63b86e7927a772bc6635875ba567b,1
0x076c0df2460e757c857ae8807ca589c47668628f,1
0x770e03a11bf9f60d16f578241a4548575aeb3b1a,1
0xc35c8d48553f02d0cded9a1eac241c4d628762f1,1
0x511ef2d9d1b08b0bda6770448aca66df803998d4,1
0xc8e871fe50cc7408a15793f4848891456091224f,1
0xc3556a0ef4ccfb13ae57489f1e685cd1dd16b372,1
0xf7496410e44878d05236dcb3de2238bc057c1582,1
0xbe6a5992d259990ddf43dbd681568db292ba47d7,1
0x9572001a64ad0a42fb908429dfa0214a3c18079d,1
0xb471a2f9cfb18bc508fe1464eefd585344696b5b,1
0x1a051968e421023d61a0afac659b6916784f251f,1
0x238edab30142a77ff1be2ce3ec42d5608d283434,1
0x155d2f94680831f6b2aa97336dc5fee7beab421f,1
0xf46b076ff8ac8ae163fcd6d9a6e076903845cd09,1
0xd2a3f9c6fbe4c13d979898e603d64561264a6b35,1
0x6be89fa94cadad5ce328db60e0fdf063dbd469bf,1
0xc2b8cf099ab75996fbb237c3d44e8caab9bd7570,1
0x0e7a408a775af29310970de51b59501e21eee87a,1
0x0184fb271eb5cef5ae3f1e2b3828d029d786bc5d,1
0x0e69a13a949824b9aac30b521c85a8a49403e52c,1
0xd38a87d7b690323ef6883e887614502abcf9b1eb,1
0x0dfe65df3dcc78642e2274d951f211fc2386da8d,1
0xc00acc7010df6615354019e7ac6eab15d4ebe050,1
0xcc95fb46ce61d885ff396288277aea4c13950e09,1
0x2db19ee7f7e0eae5730e7a393fcc899d70df9f25,1
0x18faba48193595f040e11af39c6e3ec3f6ad7086,1
0x689a19f57077f682a1d7cc19d9066f1a834721a2,1
0x0f2bfc17d828ae9065ee52b2c535811a04700175,1
0x2f2f237d2e655cc0a6f6fef761e5aef13087e71f,1
0x01b637ceb3b2bba96479eefb75a224005f901acd,1
0x76adc7dccfff0c41e02a1b93a22cf269bb40cf46,1
0x2e2daac383a0dc35602250b361ccc6527b39512e,1
0xd9df7441f87c197887cf438eebe3368637e76a78,1
0xb9fdeaf50a38c18672218a89862e0a845494625e,1
0x14f6099b662dd481e7662d30567e130024e98742,1
0x721fe9de376bd927bb15fd25de41bf3d420b8c07,1
0x65a1e9c3548e6847967380aeee69403f6b58ac88,1
0xd4b2b0215255ada525da8484b78049b19696d739,1
0x80e2db20022f9a4c372897f97c09dbcb74c12820,1
0x55526d47397a28bb196e516599f65e0a27eff33a,1
0x89a4ae46cc3c08d5c04174a9b1542004a93fae8e,1
0x21301d901db04724597d1b6012ac49878157580d,1
0x4b25d8ba0910f41ceb3fe2ba48d3082ed12cd8e3,1
0xf272da84f95b482ad3b317f95c623bd8da4408a8,1
0x15237b9fc8c244246abee701f07e42185c5111c3,1
0x5c3db84e978a942aec80d4c6404ccda1039741cf,1
0x6523ae151fb606439bb75855c6ae966b9251981e,1
0x834c771e04770b1f54fe13d258e5a640d78fba29,1
0x1b1a2a712348767fb4bb216c2135742725a0cbbd,1
0x421ae97f38789280fd114478a748a0f943e6bdd9,1
0x30dcdf808bb9313e54c577859e7f41197677831c,1
0xae63171489b61bab3a3d5d039cf4bdd738845498,1
0x70b28ae80a7dd83c9b14840b25b3a6a85a91703b,1
0xeb3648865b1471996e5f65ae845f9eb9226b9a02,1
0x8b044b599fb17bdf3c2569343cbe9dcbd215a323,1
0x2016f27fc8bcf50e2bee740677438d7c957c762d,1
0x9f4c8e21a79ba14de15300c48d0f42e87e45ff08,1
0x249a49d3201c1b92a1029aab1bc76a6ca8f5fff0,1
0x5d174ad0a83e29d0818f187f1c97173dcd27b78e,1
0xdbb3f1bdc0353eba1c57dce84fc6a5c3975b321f,1
0x54d401e7ce5f3262795524b121a584e68b5a41c0,1
0x8145fd1b46128f35609b0be92a88165ea9638ee3,1
0xb09a022d4114696324a54a80e6a62a24f8e38599,1
0x8f61040ac8f42f67e33592e711238a3f71788bba,1
0x15d7972819b3906fc430b1e7bc26c39e4b9e023a,1
0xf3476b36fc9942083049c04e9404516703369ef3,1
0x90e96bb8955a2e19d5659c68cbe6fa43c8c4ce2d,1
0x2357feaad45a61ee4f663c203f660580430e75c6,1
0x7ab2f82adf8b48852cf49034e7e242b45b15ef44,1
0xde1f3ca8d0666dd3d53a608a9da1c4d472d135bb,1
0x67b8decf8c010d070126b96297c322b8f7b3491f,1
0x2666f0c8fb58d182f2dd79475dca4a07b3724607,1
0xfaae0c5bc372c6ba7dfc5f2150fa868a859c1e4e,1
0x066ad9510d992444a856731d6af0888c2b2e5d76,1
0x0ce8311ec9c72772d7de50fb406c8650840eefa5,1
0xcb7c599cac4e944348145f5dad93b682c1b87d24,1
0x28a8e6441f7d9fd324fb13b477748b9c30d34f0a,1
0xe63428be7f7f2df427730768d91f7dcf7cd10477,1
0xf1f96bc2efeac69051a995321cd2fa11a1bdc9a9,1
0xe939ffad55b5959d744e7be57db90d0bcbe59595,1
0x5d7e697d0dc559fc707f89d5f3055e1b005a05de,1
0xe18e6002c7ce832b2a6a23c6c00c04cff461a56d,1
0x14053b06d0094b3004d07d89745654f7b45e23e7,1
0xe84d612c36ae63c639e7cdbb0aa9ed207e58e658,1
0x08fc70adf6b0950749b7647f67616589b1853a53,1
0x4494829e14477a43a14f903e0629c226b752c442,1
0x0974ff7e79d93c462421f23520c0e6ba300dcb97,1
0x1ab96391354b3dd68cdf2b2d88f629749958caa4,1
0xd809a687e957761872b440909348fa6547cafabf,1
0x79d16570483afc8c749216bfc0b8abf759ead7c4,1
0x3feec5cc114811ba1110ce2319a6a9a0d3e8326f,1
0x352216a5b428fbee3dc882a2c268a1669fb8b2a5,1
0xb6e303e443434fd90c48ce3dc2e377115e0bd544,1
0x4ef33f32c39796ae02c3ec21656ace134bab73e9,1
0xa2b1db1d846d368489b7211831bedb50b94ae83d,1
0x7c553919d52ff0c6a65224d453cb756e3f7d9b68,1
0x9263ede893f48ebbbfc3a31d356243c710b4ccb3,1
0xf05471e692eac2639ae9e6aac061c2cdcbaf9610,1
0xdbe2258624f94ab8ee30ceb67b2a078b24bb6d6d,1
0xd74f728f4dc133d5eeecee9ce1cf693c9db2be21,1
0x898a4ce06716dda5436b3ba315662c366c3fbdae,1
0x3caeac7ff83b19f4d14c02cda879c4740b4f0378,1
0x31be70d914ff582b1f10778912120770dfae83f7,1
0x99980dd0184773ea492c23033e1309609a7e75fe,1
0x011aaf6b967623cfc55b8ff7fa178faa0b9c0703,1
0x049cd1f76d337179d0660d6bcbbf7d3b04f4055e,1
0x6d9a6835d7562d0458c821eb7b1438a313b9ae13,1
0xc47e595b445844916c4648870efa1736e4844e1b,1
0x523931dcc31e1b202ad6061bb76a360bc3d0a8e3,1
0x165d28fda36086d3494ccc5a704808b516b11e23,1
0x8c58bfc9a720502c899ba4232f089ded9abf7ef6,1
0x9d2fd63c49509e82c7abe56d864deabf41ff4a1e,1
0x1f8a8ac54244e4016a376152b2f92d467552fa7b,1
0x799c5516c59312f229af008c3e09eacfc37dd5b1,1
0xae20574304b6264d3129dbfe5df72eead8c5b208,1
0x48a8b47b492d957ae07e4dded026af90aabdf5b6,1
0x489795dc70252cf420177f6ca9a3feb2195a34dd,1
0xad7a78e1221d5c0923bd5458fd73c8631cb0642c,1
0x353d1af0fa732f6230ff4ab0eb2a6a3dcf4c54f2,1
0xf6f0667a6b09a119e065925a4795d2d4e69705ed,1
0xb70ed8c7effec5173f7377178bb75251be182f21,1
0x3c5d0689627d0bf30b38260a2af77a7dbbf2c033,1
0xebd56f0884a8ddb3ad47c767c5647738b04ed1ec,1
0xf7d4df98f4be31bf93a0f3175f45e7d69668d2b2,1
0x888c1b86000bbbdb2223a0b89e3c82aec9d94297,1
0xeee5eb24e7a0ea53b75a1b9ad72e7d20562f4283,1
0x80bddfc2bd0b7c7fbc9691859948060c5bf86d59,1
0xe4b4bab0fad75de00e620deec5af7c137040fff1,1
0xe3ba95950e0e679bd4868e6c60232a742e9fc9b9,1
0x2edef9b9a483c206b3d966b318cdc6453f0dc2a5,1
0x752198ad579f9a5ac455e586598108a1215f0dd0,1
0x20d73afd75e18e22ca74558ef967d3f8e6d8a927,1
0x56f1760d582a25c1807a3d1c9f83ee5553f0f290,1
0x2ac151bb889bca4354e3727b1c356654b8c12469,1
0x681a64617e1083c36cbebbd8ac9e64938d3c2591,1
0xb9dcd2f68174e1ed42714b1c928a7b574b119afa,1
0x542fce2f47cbbbba00ba59f844b8e1aaaed1f84d,1
0x48c8bd589e8b81cfe13403ec4884f71e676961db,1
0xbf5b41dc066ba9f05ef4e2ba660f14c68740b118,1
0x072a2718dffb7861b44b9b23fc35a0ab1b2445f8,1
0x8f5d478647f5b7ef9c18a9a0186e7b3af50d89d7,1
0xd17a5a250ab4369b6e1ceb1db5f950c2dec0d9f5,1
0x88bd0324fc0b474b3c5860669492a1b75ecb565b,1
0x03183fcd2d6a40b466375cdcafe2cd61d0cda659,1
0xf5653e48e24e04cc1b14131ab31b776ae8718b34,1
0xde8328c4f5ceeb2c2b3e836b3354413161c81285,1
0x02eff1f92249f482a4cb6e8f25f6b01cb7381f5c,1
0xb2033e5bedfc8272e43ac181bd9c28e3812f2da5,1
0xa626d27bbe486fa00f58df20a881c7ad224c411d,1
0x7e2f9c4193f0bad1fc36abccc713137d0954014b,1
0xbaa579d5cd0d5b5afdaa040da6b480fc383b3467,1
0x5262ecd1843983833b6f5203c835f3053ecb1317,1
0xea6a4c5514d847c1a474a7b61d305b7ec11f1373,1
0xeb697a943f4edc306de51ac5fce1366a30496e2f,1
0x24c238108f5a770663c4ab4b004ad5dc6f2d64d8,1
0xe126731c09e9388e0375243b91a5a9a3fcc64b8c,1
0xbd3ce64b973e84c148121c65b065f1202fab991b,1
0x29059f184faa0a32c83971c8951829c8be27d3f3,1
0x1a4b7409e020140443a02ef26858a7e53ac7d652,1
0xb9afc8cfb6d1f447f179ee639e1cfb1f9ac862a9,1
0x3fadaba5400ef5ea7a23b1dcc87dd1660186a534,1
0x2aea5d8a7e1bf1e820f3057a47cc5f82627f7ff0,1
0x2755c1c680ef0a3ddc916e930d41108f3c9eb14e,1
0x67052b837563a6d19134f06c5ac2fee9f7eebd26,1
0x9e174789337b6650fdbb77883f77fd99c2af2f10,1
0x42f34449209059717e6c48ed0110783a7df82abf,1
0xb8e6b094fc07e8e5b917ba6deb16ca3396bf378c,1
0xfaa5d029d4085c604f2ceb8a7a028c22e7398be3,1
0x0a8da356dc80da3a114d63e752cb42923b124019,1
0x9ce9f4a5012386cb2c8eb84ec33036917b00961c,1
0xcf54b70bf3cec789dea3b7b2a01d3147cd6cd0ef,1
0x25e7a0e250cbacf1299392881d7058606c0f7354,1
0x54ffa6d7d9315081ab40806fe2b2aed7823c7987,1
0x143b53a2a83f5a8b8a323f64429f46062197d78a,1
0x78a9e315c6d6fe8ea0ee1cc40ead04477f02bed1,1
0xe83105d4e5b144e388d7d35c65c44e0da8c8016f,1
0x42b080ac985e13e81a0257827a766011bcf2a482,1
0xe4adc22c0ff8fb6ddd1768f92ad0e45fb5d7634e,1
0x8488f78d943cf6b5e1231c5370fed186ba7a3044,1
0xceab2935e06c646e560e2f6083c55db6e8e12099,1
0xc0dbb17f49151539c3d8ef185edef5ac270533a9,1
0x679bd1d460b29feed7bf989d1d1f2db0449eb605,1
0x86125855ea134f1da31015663fd3c19a657a8d16,1
0x0a8df2089d0596a9594fd82dc199a42590d066bd,1
0xa4ba5692a7980c803cab398258663f01d0d93ba6,1
0x203a2e66ddfa3678ec2be8e6ca6c0192f1196120,1
0x50e4a02362373d9dae47f340c82fa146e1d06158,1
0x2f3b95cc92e89838245756803f0c2cb440687d20,1
0xacbe74e26bd2fb9a56a8905e5a3fac9cb54647a6,1
0x10cf494cdbceb726d21703d21131e131ff03ae33,1
0xb66af334ca5488cf45903e286ed9f657cacd50d9,1
0x3ba53331f1084ad49b5b13da7882165b52879ba9,1
0xf4cd60a92a7d20997d8dd3ed30eb7b340f05f135,1
0x7ed747d46323a4055fb0b89694f34baa945e9fae,1
0xb0aac0747f9aec9a1121f62efbc27ffb7ac63c9c,1
0xd3f7fb00c10c56f848622b1f83ac0a766b0820d1,1
0x473f998299294733187a36ce31257826eea39495,1
0x302a226721914743e370f230b62e7b97bab535e5,1
0xf0290c3e93fe5fb6ca9b7ee199b7566627a433d7,1
0xa6134eb7381978804646088df4bb42c5232d82da,1
0xe553fe5b71a236a8d6b03cbddde8be48c5fc5402,1
0x7fd29e547dc2d2ec3773457295a98893a0db2e05,1
0xa5e32f31948b1af2ffe2e1770ca1d4b6176e9738,1
0x9e9c0431eafe5addf548bacfea974ccb550dad45,1
0x5b4eeceaffa265ac08847966af19dc0d19f2cad1,1
0xd86eab09bb728c6df320dfd03f5a5390e0990bb6,1
0x07fbc53d2ffba8a9cfc0aee2ae69fd691fd6d9ce,1
0x040902d25655b8ea4de830a67bd874207e783555,1
0xa2e08c33fb2ba273d2d8916b390da6a98c800ade,1
0xaf12a9af19331fa9b89915537ce9d41bce5e4c5d,1
0xac2d7e0ed8cccecc3ba6a6280ee8848bd3c93ad4,1
0x4d544c95f86ab807e25c7c5ecd0ccfccdea9e51f,1
0x013905d71f866961e991a4eca105518234b2cbc0,1
0xd63dc86e7fdbe5923481b96beb2a5a79119e51e7,1
0x146975ba14e9f3304bc6ce013c84232c12aed081,1
0xc6a9f985af8737124aac0cc407a2ace271602261,1
0x1d6128628d63415a0aaaed455ed1ea38d880f645,1
0x336bd505b648d378a251f06ec3f6693620913f92,1
0xcfaedb4d9a764fefca8126d2bcb2a7f233aadf9d,1
0xb7abe0f0a1c31a88fdcdef71033cf7ae7d12f2d3,1
0x2e27127e82c991fde0cd1744d2376dfbfe585d75,1
0xb23be5baef9983a1c72d186774b537d95c5d218f,1
0x91cb7aae3905c8de09c88592702c8c313d4e2109,1
0x7330a6958973739ac030b7e3ed9afbbabbd00de3,1
0xfb361a36fca7e92fdb47c40df43713f68044ffb2,1
0xee159c4fd8ea6edd8d4c6b7c64815e44feefca1a,1
0x5206cbeb8015d5193000ddedf59425c6907d3181,1
0x2a9f80a74752d3bb5f9139b0617994591be13d4b,1
0x9b0c79f2dd725baa96208610e7c4fad9d8549839,1
0xa44b7b48a9803ecdd01ab8c9090e8788a0d8e885,1
0xb9c4f9e24e02b715c2bfd3d2ca9470303e23ef77,1
0xd2aba3e1413de4f91c2887081004beb999e8f907,1
0x38909c6dd9bb50ffe647b06026ace0c8eac1950e,1
0x966fb9eac572d34e6612ec40ac1a1d86007fa631,1
0xe434f59930e9cd2dfd2235ea86c9bfdb44f5bc0f,1
0x0af325ae0c8f165c9ec84e2d00e994d1c86d1e98,1
0x6ec79c81d230c29debed6f328cc27d108c96768b,1
0xf7764568b698e5954892c00ed7d9a390b105c5f7,1
0xb9fa078a43da2664c8499c5d2073f2526f96f106,1
0xca76f775c7f1fc5d3309234cae90980ebf554150,1
0x424060738dc814b16c203650ba7e1ecffc7e504e,1
0xe6563194f9baa6e3064086a98bf73608fc17cbfd,1
0x9bbd708653f4f105d5eadd19607b7f360fa787af,1
0x9e5f73d2bae44a6d6815eee51c292ba235f04f6e,1
0xf1bd046b98dc7cb13096ef4c880eb09f148a46e2,1
0x36eebc48da111b14b010a97abecf8bb68d10095c,1
0x4e12b79845ecd48ba5165e8fc9e95436811c2b58,1
0x5959002cb524181d5526714c2804c3775212d823,1
0xc05869d4aff23777690f2ffeb6794cb879355630,1
0x0dea4a4e54b75ec696936ffff4be93f2db991364,1
0x47d8404fcd1c52e6642c7ed374fab052b381ccc1,1
0x8c1f393c989c667ad20e3d9df72a4f778c5c64b2,1
0x480480309057a072daeda781ec15aadd61677f13,1
0x4874211da929dd87e28a4267c4b96a5d0ccf48a7,1
0x58428a7fee1031744fa48f040b551d98b3924e5d,1
0x7c58805e40d431d13c06fefa0e26695a47e06bc4,1
0x8dcdd79c07672a786c376fc29880ce366bc7c563,1
0xb2682c854a589f4a034f67bdfb60dd8de6026adc,1
0x501d3b027ef540c6bee17232bddd0c82b678906c,1
0x13bfd26cf7d981aae5f8d4d88af4b34b4b1d4da4,1
0x2c4ebdcd592a74b4022ad9d1fb00ab6976abe483,1
0x343e73d33639d9c354fa215ca23ffcd0f5604ac1,1
0x38345b9d3b617e6125082963af9fc4255157366e,1
0x56a064ba6fbcb7a47cb570f9e8f690a68056a0fc,1
0x569ff93aec513dac5b818714268c4b1e49abcc40,1
0xf2582f0a1573439a5a45e3cf1cd6e40a4457ef7b,1
0xe330b0ab6d18e3f523890403a9df284feb4ba2b8,1
0xfea95c4419c395601084b010b7b67aeffadad03b,1
0x9fdaf0bd765561fbd609ea28ea67a39054cb28bb,1
0xba98ef31cf6fa06cfa5489f73e2ec94bb1319b9c,1
0xf7d385bc2d5173f2f013d694e8d9e8c3440638d9,1
0x690225f6f19775c5899fa71defcbd1b2db5711a4,1
0xb100f7df956cfabf3b81887efce032b617a06850,1
0x70e7a6621f4cb3c3e073d0539899f49fc88424c0,1
0xc72c604a60fd660256be2d7f4ebec13ce7f50daf,1
0x1fd2ce0675121278a524a7bb4041f160d51c756f,1
0x2d4bbe602c6e868316953f155ee3adefc70d4113,1
0x931d0dcc21410c0410faafc6b7913c59e948e020,1
0x4683d126f02e6940922d2a42938b73eb96b889fc,1
0x7dd3005f938feecf091151c0e4f5f53327b035a2,1
0x13722725d7ed86b99d5f7fe5cb4226b6e42e7d41,1
0x57b42117029b9e806e0e0d1edaa3e68a8007d032,1
0xeaaeeb152d21122a8782bbb046edf48d0d9a389d,1
0x1064a9f6003cb2637a5fed88501198457fe2aae1,1
0x976828b23af10f75e94133b15f31ffb054572c7e,1
0xa22c229073dc66b76720bfdd915b9450ef6c0611,3
0x21ac878dd5db6ba349a443d37d1a1a36844e2800,1
0x2d37340a97408a9901bd94f63bf0437beac08ac6,1
0x723d5453fc08769cb454b5b95db106bf396c73b3,1
0xfd5d8237da011a140949eb23517fbbb9edf142ce,1
0xdfc7dd7aa62bc05fca0dfab46dda7855a84a1ad1,1
0xf5ab63bfaeeddfcd37f696a9b8697e424bb22788,1
0x398526505f0a577a399871b41fbe75ec8308bfc2,1
0x15326a892b1d1b03bb499777649025ccebb380b0,1
0xb474bf171329edc02237ebf31003f9465e1ceda1,1
0x031904c5bee1a54d06e42f59429fa49d3f9bc392,1
0x6dbbcc49039a85b64f9759e61aebc4a2d0b5fe36,1
0x6d8e6b20d4c132276b0855179214bd2606c9c6bd,1
0x3a1dfee2c37bb632dc3391ea7ea59ca9086c35b2,1
0x9617562c6f338ed18e2e8e88cbbffce6003bae0e,1
0x822ec855cc9f41b592622108e6f3565e976430c6,1
0xe23b25a8056b91f38c2ca29afc95d4d52d8f05df,1
0x0c0d7a7213cd4f5e7f112f35a0095c317267e354,1
0x7e4c920953db2e9ee431f7ebff0bffaeb1d870c8,1
0x24024f20853aa10267f71f03c7f29b4567b56955,1
0x160855e3be2936fc26f6948607014c35b5c15e50,1
0x2cd25fd9926827d04ea8ea55b2f0ca5c1a28f8a2,1
0x50ad5d9c4c2d40c31c166e7c791f2bec042e984a,1
0xa2917120c698fb5f2a03e3fd3524bda85a3eaef6,1
0xd4af6c2027eec82b6ea16700a1ce0c532873aa82,1
0x10a604f42589520a3969884874506ecc8aba2e50,1
0x407c33ac35a9edb9a2f99633243fff10606e97d7,1
0xc0e3035e868cd6214005ca6c50f2936bcff38751,1
0x26613696bd07c7a6e43c94ea457584f1a5d9f979,1
0x78ff20aac0d76c3e01580f9181ad924f2b0e85e5,1
0xccb0f36ffe6b2a1e54c25870b8e1269290e75282,1
0x550cfb8eb4d96d519de53459c2b9ed590560aa1f,1
0x47450b6044689a96cb603308d8da10f0ae501aa7,1
0x7d6b500409bf4148ed04aa9a359fb0959a7d506b,1
0x9a33124dd1a12903736f225ba97cb5fe4615bb7d,1
0xed0dd923857f3a038f065ee174e73916062c3762,1
0x310b73b2873f0be20ec08a401e649a27410b6295,1
0x32766d81f86cfbf4485545c9a367b4e2c224cdcc,1
0x5ac66fd378b47e4f9fab77968777736607d8b2d5,1
0x82b44dd64a3f5f14725f5ffa918a82d376500d67,1
0xd8e7ce8904819d5a93a6bfd48b794b0a1da41a58,1
0x60089dfffce14a7c5442d0c546c689ccdd448a65,1
0x75431bdc2f0cf27fdc2b7d767c1df13d3a35f245,1
0xfdab5fb8356a9b0da6bd28247989538415f74326,1
0xaa47a4ffc979363232c99b99fada0f2734b0aeee,1
0xd06d51d73d375bdfd47a3edec155dd31cd4c54fc,1
0x462fcc4b3fc64e0dfd751424bc3b070d79efb300,1
0x28bd50226a8523ccfaa2ff2873eef032a7feeafa,1
0xb85ae6c9398f5730d954b82b2a6e0eb61bd50e8d,1
0x8d7e4b87198ae9c1aaf3c92fd8d7a60ae8809893,1
0xe250a6acdb883f48583f7b9a5cc4134bf991b3e6,1
0x446c4264b705311b1452908aaabfe36863746113,1
0xd640c898b0902bd02f69de0fe8d0bd560956db76,1
0x69419b29e25dfcb0f1f27906cadfa332fc145d7f,1
0x467fae905ff273967fcea03f9564c25d02afe01d,1
0xbd3fd7b44ca24741db067ace1decee9b164e31ca,1
0xbb5e3399daf10fbc5094e3f4d3b9aedb7547856c,1
0xce56a746edaf84e65aa6a2bbb45b2328f6a99935,1
0xbb668420d8d8fc286f0d08a5e083ef26ec372fe8,1
0x4db3f9ab69b6d82113ea9258fdfc8eff6744fb3b,1
0x72f315c115408afd9240c5be0946c8ebf7261fb1,1
0xc142995f05436c91bba172b7d17522a301323236,1
0xd4d365f2c4c136d0ba998565fc8cf28c5bb3d700,1
0xebfe65b40a155350fd5f1af092b7b00ffc6ecbcd,1
0x8e9be9e56975feb2af4ab5c609343472ebb80bc8,1
0x428364c1919fd29b620f7f1dae3cad18376c74fa,1
0x77863da34ca9d4872b86fb9a4973792ca6a11e16,1
0x5301661d5a55e3712537949c65b86ea72cf41519,1
0x6e7cacc6f2b49dfb980663bf2bb014046ac45320,1
0xc3cf5565433873113e48e0147656c30b827d814b,1
0xc9df79fe514b75cc9f372cd32c8ee6ebda699bb4,1
0x0ddfa905aaddddc533bff695316979c0bb2d9eb8,1
0x38140b7f622e5c3c2f11d4531718b6ed892bd235,1
0xd3770a917176446d5c0a3bd12db8e9327333c2e3,1
0x4e6e2c3abd4e791e1b3fc3b91c037b4ceeb36283,1
0x4f234ae48179a51e02b0566e885fcc8a1487db02,1
0x9ef13e6bfa6d38065207b5aaf757d124c25fb294,1
0xdc6be8e67614eb9de4c15d0b504e7f8f7b38d787,1
0xb6941a32218bd6a34ca3d80b6a9ca20b75e50a6d,1
0x95d7242abc063214bd0a733a5929239ef788a4fe,1
0xb6d67e7aa69aed737883ef83416e5a694e09c7e3,1
0xb91f32958c4c6a775f882439c5b8d3b4a36e9cdc,1
0x5622cc24ddecf5888d31df4b8b12648d105472bc,1
0x8400b081f5dc9c5bffe1b57276afdfab2dfbf29c,1
0xebf1f3ffb7b4e213048fce25ae7beff6918f63cf,1
0x4e0358255ad25c4306fa0ee6657ce0c52ce22f53,1
0xacd2975b111044c7acdcae546b966274f7620cd2,1
0x6a3944e4658f6473111f5b22ede4da422e1689d3,1
0xac79d2ca0d415dad95090b5b9f5cb5704cfac071,1
0xba2b941c148f6ef7dfd1f2838e095396c6cb7ac5,1
0x0aceea7577fdcedfa1d60588db15e18b8d763f3f,1
0xa033962385ca19c7a7109fafee356daa7a9291d3,1
0xcca467c01aef7ef350a7fb2a3b6a3c78fb9fcf6e,1
0xa4f6e6735278cd9f66990a92778d09c50a7fc14c,1
0x77191f2628294ac1ffaa6104e78f5c4c1906e5b2,1
0x59e891b2368acadde5bab30c8eb1728a1e49c4f3,1
0xe8f0b091e408f1fac8d26707e2d3a27989d6982d,1
0x42723163636a5ba05925f543bcbfb5dccacc81d8,1
0x24714a78ab5f39c7445497764466466497bb416b,1
0x6256314f10b448c5768deefa6409201951f94324,1
0x51965ad51816c62c58106c1a3e8fa3b8a4af7e07,1
0x0dac0d611db5955bbe881cf8d75d4c80271cae83,1
0x4b4d75b8b0fc7528ea2614b2ca83555824c07867,1
0xf5031f73414c6f50db1ba0f56303c37d3847d86f,1
0xfa086fd3456f8eea481fa602359e0454fee9d6b3,1
0x4dff50cfe5a2d72971f944132de19d2a64e978a8,1
0x9c2f86730fd191c23f2be8df96de94826fc47983,1
0xa62c919b2b8cb9f2297f3ec7ee13265faeff304c,1
0x61e5b700f4b20bdeaefe0eaaddb6816ecd403491,1
0x41e12756498322b479f889af2b2f4b29a85d5605,1
0xb99f3c94abf08d095b8d8c54c434bdbf696c597f,1
0xac1a04679039a1718d3820fbc254ce29269af784,1
0x0fd3e2c50ee69fd59e3ad545fc07587adb6fb39e,1
0x5c5b6cade3f45fca78aac5a9877f1b73c51300e3,1
0xb21cc6e889df4ca5d8331b864a4ed346145ba44e,1
0xeab3739d4e716bb07901d72dc94b4139b6968623,1
0x1854a7a0b4f9466dbeeb3279e247d4d0b0a06e3b,1
0x7c8f072015d4e29c24088fe55e62381406bd71ec,1
0x263da73598db8ecfedeb2ff17b5f12173c929929,1
0xa10d31b628bf5f9fc8e02e91a7564bb2a1e5fea0,1
0x180b3fc00745c68ef5c6d53b3f9cfa5526a7494f,1
0xe3a24ae91bcc72c6161b8f0ddf6e81694a2eec0b,1
0x0c7fd3cefc75842987ca65a65c46c1faa823591d,1
0x3025430ae8a81cd13e3d0969b1093f8d82bbbd7d,1
0x15dfcc4e6d00539497527ad5157815176dbad0ce,1
0x32cabfe6e405fec5f341845b0f9ef72cf942324d,1
0xe831ee92a14819cea1639f6bc14e632bdde0e233,1
0x00935c528d520b0091b4cad9da987fe021e7ac51,1
0x7988dd1dda1f35542a2b8d5f7de575563ebf068e,1
0xcdadc18eead7d54ef91a7bb7f90f7aa81797179e,1
0x423ce4833b42b48611c662cfdc70929e3139b009,1
0x87ffc335a97471f969b4d263ba9c20fbee3db03a,1
0x324f6ead99aeda8b0083a4445e8df08a342e22e1,1
0x1e31c297fd3d88710c35e9e1d7eb5ce27494fc72,1
0x565465a0e19309ecb839319453e2c83aa0befdf2,1
0x25255a36287c9df4b2363fd9f998ceec7f12bef0,1
0x493e9e8b3219cf33364c7894ac017a75da92353c,1
0xd1642fcc093202f30e64d28eb8de8d0714958f8f,1
0xa36f3c6219485d4c779e58f32e4f6f6ac8db33e8,1
0x5489cd0329ec89e54e849d1c44d90f556bc27c60,1
0xbc87ada74ac93253d0c483f61df340d49ef5869d,1
0x2fca9a598678d0d09309b06eeff493dbf6c7d1a9,1
0x8569e2c88afe9a5e0f6e7a8181172e1c427303a6,1
0xd9db485876cbb4c909ff87bd3b63ef133b3b1cc2,1
0xb0f9b0fe4dc79542cdbb07cad797bc56f9978e9e,1
0x245c7a1dd726f0d7238ad63c2f2b282eaac72482,1
0xd96a41af259755aebbd7d13afef763dfe8197e04,1
0xa68dce940c5bb9c601b9293f01aaf2d2db98e325,1
0x9f455b1fb95d998ab1f25a0e957352fe11f508c0,1
0x131adc38217160e51c33e3aa61c4cd856179bb10,1
0x36d4706d9d8a106d2320fe14c9da4a4d13cbf498,1
0x2d745c6197acad49827c9ae01d7fcda29a6d0b31,1
0xf0c3a1f1d9b79d5a8decb8e92973cdb56b7e81da,1
0x3383a9514a666b9755705c76ababf5c919c43bfe,1
0xd72a01ad4b5005c3e47559861b0964f5c28912bb,1
0x04d7c2ee4cdbac9a0fc46d3e35e79aba5cca471d,1
0x6c109123bf8b42645213162c405adb132cf08074,1
0x48848f882212d945e7a1d4880309169352eb4176,1
0x16b0d1368146939e5c8f8e574f09f175baec5996,1
0x68b8eae09441d6b6616eee770f31281e59319803,1
0xe254f96cfd8b768de31013f8bd6c3476ee2f1469,1
0xa3c30e6a7f26211e43d1bd023813e0967b345615,1
0x5ba5d3a78cf7720401a34983a8589d458e4cf37e,1
0xaa1c29505160181e493f4b373f0c3206cc2a32a3,1
0x9ec11f051e8cf2b3a4ae9c8d93e8729cc3b966b4,1
0x2ef3ad422b423296a326466a90b667418b263eb0,1
0x8da92990720d08c64f8528f0e0b45d2362a18baa,1
0xb5bd1ca7ef13954faf50286742aeb54d072ce21d,1
0x098b59959a601ac75ecbe519c3321e8623d271f6,1
0x6324a44c1ec7cc6588f730c2ba3ac4ddf52d83aa,1
0x2b919bffea16d55828091fdb8a63f0678e17b26e,1
0x4d207177677fb1128281a54fad993d3736c7f02a,1
0x2c4a6fd81e52d256ec34db1e03a9af627b2d62c5,1
0x86f0a82dfd9745ec23bc8a72c819193e74962eb3,1
0xc2b3cb204e96270d763c70c75ae1a77c739b0e6d,1
0x6a61e489417c914f0ef581bd99e523e4d878b392,1
0x0542955e1149e9102b7eb80d0f04f15d5cb3abab,1
0x5bc1fd44cc493280851d6f218f19965d4bcf5646,1
0xef49522a18a0488a0be5568df36fb2c4f828b99a,1
0x46b301aebfbafec36b7fc4383068ab589b149564,1
0x6f1d374e14c4e4dc3bdc12f5e06f57cc9328c8a1,1
0x93c838add3ac72b42f65417408f900a7155e1bb8,1
0x88889778402dcf6cf363bb9ac47f7a2d8e77a2af,1
0xb7f70ebca3107c2f44fb14613d01f58519a1733a,1
0xa4bc9e71d8fa39a76dc8f69794b7d8bc383e6d58,1
0xdaac4e26f11223cc043dfd8e3efaf72333067339,1
0x8bb72050e8a63c3eb9fcfcc371448dafd0235f6e,1
0xda6ab7d0a045a8b7dc25f8a50b383af7ff49977f,1
0xfece3a78855b52db21bf868e0141927fc7e0d719,1
0x8f72a6934ce350b19432a3dcb1c698d6f7b49fb6,1
0x76af7f6fd239994df462488154bab99dd46d38f5,1
0xa1d2838c2415b612e95cfb808c721d41db3c0beb,1
0x78be57664220d2c0b6b583acff9f9d339647a15f,1
0x02009370ff755704e9acbd96042c1ab832d6067e,1
0xa0202fbe4ee4ebcc96fbef5c3fdd46ff29cb8351,1
0x13c942e3f8be4faf966ef03e6038b33d000db22f,1
0xde41df3d6734e920a420646a0151ede1be81a6ba,1
0x9af5c0a2eef61a4f6202532bab6a6485fbb6a287,1
0x076d40d4453a72a3dec44970b1529baee379dd0b,1
0xeeba80f6cd45fa2df675fe4c3f0cf3420f23f975,1
0x607bb997dd7eef475d694e9391a082941a490792,1
0xfdfca754ba734df524f7a72e336aac8d159c9d96,1
0x81e388d5139f109e859f38230101e4f8b036d8e8,1
0x28685cbf9b940923bd3de39232fb418243fb1e16,1
0x762a18607948e3f15900ac9aaa9adb2cd923eacd,1
0xea764c590589a76a54e76d5060ccc52a0af1431b,1
0x61d7aabfd210e7a5d5d60083ae0a221fa37eeba6,1
0x94fb7f46728d4030e40b47396eba626fe2e5df50,1
0x2effc23a6f165f63ba9b15cec0c30b03486ad10e,1
0x53aa7dab9b2a28f86e405755aa34a07c188bafe4,1
0x7674586111ec6327c54fcde0bcfaf43384e1fc7e,1
0x1370006e1416c3651f1bce41370804a1868c5b3a,1
0x8abe2749b67ad7debb7442c46ea4a0e003d4852a,1
0xb78e8334eaccea894bfc11eeed1514e1fb78abe1,1
0x2a86e9f48cc7aa97d534a2a3661d7b5758f20335,1
0x068848a875fc633a9514ccf5379949d85bb11966,1
0x002d56ff5f369bf560bdce0c4412a71bbef8ae5e,1
0xe2b34bbf669096a794397376fb0587e98eb81016,1
0x266b2d881291c5bb36cf386d16e5f8ebb8e19a71,1
0x7dbba7f0551aef5894fd6ee331b95dbb4349f5d4,1
0x89073adc0d25a3d6f0eb799bc4d6952917ea0d48,1
0xdc0d28f3d09b292d41b836db991b157d641ad64f,1
0xf84d6d2dc4a432b98a7d5b3160373d33158a4c84,1
0xb232cba150e9a7fda5337d162ad8b7383c8f10b0,1
0x1eb44b180681e39c3a362090e43cd6e8ce16588f,1
0xa03212293bc3bb7e6722d185a89312476aa5fb1d,1
0x230f4981634d3c96ee9066f17652dc8b9049015f,1
0x9388f86ca5c16a420e65f6580e997e21bd2665ad,1
0x3db0b224099e56488d93f4e887a6bad88c39cfa4,1
0x48e7d74810b0950ef03232468ec294a1a14e2e23,1
0xedba5d56d0147aee8a227d284bcaac03b4a87ed4,1
0xff41da21ff3c36ed08b2640d499b6943b881ca35,1
0x7f873ec58d567e78a2c1dca322cbdb6d490ccb7d,1
0x32ed7ce154b816d2d71ccac6b384a5261aeacf60,1
0xd9da941c0d39a2ab5b275a68dc4b047fbf932372,1
0xee5e2c21a2aaa3641f2a015ad48603420619fcee,1
0x2df96847cb2aa1c0104be9dfa9b7daf53bf4cac3,1
0x54f58b08897873057f0726158a382e316d4979d9,1
0x4453c7e704bf4b8d7bc73c6a693429132adcb8bb,1
0x698f3eaf3defee3c5a00b64bd65feee9015d6970,1
0x29184616b4713040afd916b24624a914cc14924f,1
0x2b8f8968655179ca8ba428c66e89c443d1adeb7a,1
0x7971e007a4e4d4dc1f8380f5d91d3f52b5e53461,1
0x98e639b648144a51b3b8bd88810f272d79b8695f,1
0x09a3aaf992044594370b894186323794706e00ce,1
0x3cc8837cd778d12021a4e7baabab0e06d1d1fed2,1
0x9a442c2920b70ec87414319ac93d525b2f7719d5,1
0x4ac69caa7bc279fec93db0d10793eb8516c7a9d1,1
0xc30840c29a8de630687010944c09ff03f2aa8827,1
0x7d9e921c8334486732918fb3a034df44538eb57e,1
0xac0f787d5eb1f44832ecb14ce1ad3382088e63d7,1
0x1666b49d92d86e280d85e74eacf345f4830e0cb1,1
0x65f443b15177bba952a419aee1cc219df93564ad,1
0xbff456923e74ed77d9e8acc2a7d9ff52d8c67bf6,1
0x8dbb75c576b71b43eea54398f8606aec530181dc,1
0x753c892626c4fa09d1aedc0e9b52bda97a4afa00,1
0x108c0c18df932d6d4e4cb743c95486e383ad2b65,1
0x0fb586f584dca4f2ea2d8bfb19ab72bae35d6900,1
0x5b049c3bef543a181a720dcc6febc9afdab5d377,1
0xbadcfb8e4e3c6a766c63121a3e32caf2f4f0938d,1
0x897e842a5f50978f5cd337fe41e6e37099239be9,1
0xe10b1da7327e618865ff3ac19c36f6ab9cadf899,1
0xdf51e97fbcf724f00218494864338e7aedb3dfb6,1
0x910b48c25afc5b2a998458b62d467d482eca74af,1
0xc818ab7e7f54c32d243cd7edc469b60cf13b22d5,1
0x376f96833b85f5a212adddbce0d172340621d1c5,1
0x11e37e6f6aecbc677ed606ac31a8b9b7c4598322,1
0x8fe8686b254e6685d38eabdc88235d74bf0cbead,1
0x388cbeec5a031e4aad12599b04a4aa4f088e0f73,1
0xcba794653c56b28800ae4fe5c2ea2c89712c964c,1
0xa0480920ae916ff51fb57f29751fe830ea02b5b7,1
0x09fb6e5f70b58daeddafd331e88804e8f1331967,1
0x8386262bc928b5c7a0d19496c4921adffada05f2,1
0x273061aa9b9ddddce5b7c2d1eb7237611d558d4f,1
0x0c9e20b9046f31da1e84b1b968b5fff23e815fd6,1
0x583b7fa299d2e40c235f34bbb16e7e8fdd6d379f,1
0x9a7dc5307940fa170f9093ca548bda0edb602767,1
0x0e68606d89b301c211896a8889afdd84994ab5b9,1
0xb406ebb1a43cdc9c6eb5b392c712329c0b84d546,1
0x9760fed718c26df146e0e47e259609281e0d4954,1
0xad4002c4d4a34675a1887bd36e11a8372577a2f6,1
0xb788f929c27e0a6e9abfc2a66ad878d73a930d12,1
0x9cfaeb046da5cf9f7325977bd0678f953f0dfc28,1
0xbb033b792b7153711bcdf8c9d3cf0f0e28896995,1
0x52f261a1d7458517912c4cf6d8b4fc536c3851af,1
0xaad2fea57a22262ffec3bc917e11d8e493d37cf0,1
0x6e81af1bcd504a51da5bd6a0d7df70d7674ce90e,1
0xca6528e0089d0b3090e1705b7276872f39921398,1
0xee56745127f9ad1f49b68db7df35536e9d9885ef,1
0xa70c5254f8db7c3dd740493b5e8a8dc2a1c9b233,1
0x319af5203839970ccb04d2eda95c427941c498ae,1
0xf92dcbdf576973c02c8c0543f253657877ee1ba1,1
0xa5ce27ca5e31b1de92db2d2bc109b3e23cf1d4c4,1
0x3c954b89c32bf04c21080e719b7a96a5caa01ab5,1
0xbdf407529a6ed5f14736286699d58ec72b337315,1
0xba23c2c327b1a67cd812e8ba1ddde24d5bb6065c,1
0x32bc332d4b1a58661bc693fcd66d4f90915baf71,1
0x2ed4da5adb9085e24883e6ef266e2517c7115f4e,1
0x1fef500586a301d843a8049b6fefb920b4888513,1
0x5508ee93c62505a983bcd927854d1ca329e15857,1
0xff4393d591251eabce31a951340f77c412c9095d,1
0x1f8dec5061b0d9bf17e5828f249142b39dab84b4,1
0x3ce82dd30bfb5fb26d17d4b4242a8d98694f083d,1
0x0aaaac358f29ca7290f78651ae9b08285b5e16d4,1
0xdbc3c7ce58eab6cbf9638a11d9db36fd880175ff,1
0x9445046c9b69afcbc8979e609c6dce33b4dc2f0e,1
0x4934fe0805da9b46ae86bc6008fc4e6f4984134a,1
0x944756efc704ca4e60960d4b8d741e85df216995,1
0x6bdead6b984d74baee2da16bef7f58319e659398,1
0xaa43b3ee536455939ac6155993351a9b34f72ced,1
0xe036a80f628e531982189fb6c4f277deca521e36,1
0xf064b36c42539584226e6f6afbe4c12453835b30,1
0x516656beacd4c41f4e1a2273263ff4995d0fd1d3,1
0x685b6326261c5ad99aba748ba12a303125e57bfa,1
0x7fcbe04eec78622da899bd141d7e496e7624e227,1
0xcec0226557b7fa4842a37375fd75fa33882c1783,1
0x0f78afe5b1e689cc2b205a78531957a286c42511,1
0x879a8a1868d620584afa0c9c8807628d553c6bbe,1
0xa2c75e8736e446149d5f368db640dd46771b4c2f,1
0x372ced7af27e31828db5ad1d1b09417c14430fb2,1
0x93b8d71f1c3370aff82bfaa1b022fd36975f45b8,1
0x763bf692f31ffe7d3124b260f20a13c3aea7f6fd,1
0xea1cd1545e5bc3a1183baab0089b29fcbb45f448,1
0xf7b060806ace46cea4df0e688f871c9664383a8d,1
0x693d28cbfb6a6788dfa8b034f75d9ff21edda9f0,1
0x2186c29e85f30506f870e99a78bd0ac573ca6193,1
0x41e399b9243bd6f772e30cf79dcbaba791143d6c,1
0x6ecb6038d923606b3540c4c6ac267c73ab7fa3c5,1
0xb1fdc4e671889e4f60977540056dd93e5155bd86,1
0xd3b605dd135358ca50cdf59af570ea3ab717bd82,1
0x3544311b3c5f21edcadc9f5515f3acd74f502fff,1
0xd6f360590faa66f9e3cacdcf5cca633cb3721d92,1
0xc5e4bba6b2a977adca47b6e39b4ff10f6ebbda58,1
0x9a3acb42d506767f7d83c3b6f2ead417adc1cdaf,1
0x406371fde9671f71a891442d21acddb4d1a976af,1
0x8144be01afb047a3e0d17472f65f10b912bb56c1,1
0xa352bc969fef8b6938d74b388062f2220ae437c9,1
0x0303d8bbc845047b9af305f776f747ca1e25086c,1
0xc217bd12bf5fb14a5e10450eebf34890092d3cb5,1
0xa749aede014231311b1d7272ad64909721f085a6,1
0x07e34a9ccef73d5cc36d89d6767e3760658340de,1
0x31f5afe73e35de36ec0b99ab683883af4dfc8dce,1
0x625ceba7f2fa59a6b10cfaed5c54ebf3cd0501f6,1
0x9ec73d0003b49cc7a889f4ebbd38e192ee3a4620,1
0x618d17fa59c67aea20a88dc75d4e28e728a6ff28,1
0xbbc2bfcb85cc1c483b2bcbd5c1c5c51dec423872,1
0x6dc83272ac6e09044cbab1e8f279e908b25d0c4b,1
0x387cba805a719a1613488e489a8e7f0de63aed14,1
0x7a54f66a497ea100433cc68fa739e9a16e3ec8bb,1
0xccc4a6cf64675179d69abfd0aaddf06d3b7e80fc,1
0x144bf0aaf16debadcd2638f572ebe42a92f5bcc0,1
0xd350c0d869af20e0b83b80dd3e212572417f5a69,1
0x1fad9f65b39d235469bcb59bc664872b93eecac5,1
0x79dc911ba6f8424a4b6158ea0b24168a8e0e0fe4,1
0xedc1040e47f75ff85867ff4358c6229801af31f8,1
0x2b35ffb490a789c090dd0580f2e4712f17691e46,1
0xd0e8060e52d8c23984f22ac899d18fc53aa8bcbd,1
0x15d4a76dd2253bef53d9346d840aff9fe385fb5b,1
0x45c338261d6268bfde4368b69303e1ac5f7f14f0,1
0xbe2aaec782c989aa11f87a66c9fabb913efb24e0,1
0xfb47b2ca7df248d36cf0e4f63bfd0503c25debd4,1
0x79a2b7a14f5b1a661a98694974f630c403a8cf45,1
0x5b956d9ae01870d463cf0ee364db00eb995c684c,1
0x7f7c864dac139b5a36550481180b834ef283e056,1
0x25b78843e447f1187dc31c4990e2dfa6bb0033a0,1
0xbb3be72a5f745a5a055dafa72b13a6e04fc5859e,1
0x342d23b3dbe624fb87f11ef799cec13efb8586a0,1
0xae6be760022c354a2bc5e79a57634625c60949bf,1
0xeca1d7afef958a3c01a0f2255cc97eef1a6e59ce,1
0x1b5b7b514771beec3c83add7e0165166dbc77320,1
0x3a3548e060be10c2614d0a4cb0c03cc9093fd799,1
0xe8d8a89442f9b3635661ee1d90e81713e1608da2,1
0x1e6d8d1a6076916d38b120740308d07c01cdb2c7,1
0xda21d116a3f1a001c3e3a300dd75422263c8dcd6,1
0xe1cffd0700cbe0b1a2eb62c06064d09fd5bab2c4,1
0xfc0c1e7e2e58ba3859f25a2435b9775e6025fa58,1
0x45f5fdfa40b5e2befebe78e3f85e197ede734981,1
0x823c96bf9f053f0d22e9036dbf5c2c8f923e5139,1
0x89119dac068cfc98bf2ffb7d15948e0901d997dc,1
0x1877cce31822a6222772658e8d0e94f91ccb1fdf,1
0x1f2a9ca494a1f29a8dd736ff8f589b1f2e9f3a07,1
0xe74419fda5425b88fe288923f5df60a5cda057be,1
0xeb32e3729c60e822986fb268a23152d0f0306300,1
0xc5e2a6d4029a93e5ede4ca7c93d1aa3f7c4cc3a0,1
0x8f8dd74055434bb3ca490df5b2f3c14ce797faa8,1
0x6facad44e126f2cacde44a0b2b85ce1b643495d1,1
0x593620ba826321a0d063ffa5d1b991a021088300,1
0xf69ac0d2366a0e84cfca7e4b8ce0504985d855a1,1
0x8af30b3ff1c29119ed336d45f77a6d59c3273b92,1
0xe50ae5655d227767ec3974a11da7e4f67476b96f,1
0x4b715c6a050e013df6ce2fa1801e4d26d97c2a7c,1
0x42757298759773e1af7199b18f6ad2307dfdcd88,1
0x16dac8fcb28cbda1db793a612847a0be1a04e554,1
0xd31b73749edcb6d5f3c9fe1bd6c0312185838c18,1
0x147328419c2d2c8f626c70f83c9d0f7ef9359f63,1
0x1fec1df6b61e7b20a30acc6e3974036479ed7d44,1
0x1157ae6204947fa577d93cc833dd72de2c34bd0c,1
0xf511d47077e4090402426c90d0de5274f0f96b1a,1
0xe540a8d94bd379c4d9c0478c8fe9f7fe7f0b06e1,1
0x362cf4be53248d0872ccbfba570254c08e2f3d09,1
0x514afe6575b5d81cecaa86a6bddf28de2f89ba45,1
0xc343b96d534ec8144f212a689d619d4571283219,1
0x5d52310a04cbe56c74c7cd63af6056b9f5a0fa53,1
0x9776c82c8a4e9a388829cf4bd78d3cc7b25e09f3,1
0x8227602fd3e6449afc48f5ae886b096200b27b63,1
0x108289ecb4830e7de08dc8f9e58526ddeccd2d32,1
0x59e027dd6c466c397a51aa94b59b6b055e19f228,1
0x77d39e34438232cec261af81b95db52eda14fe18,1
0x592e480e0066a51eb981b532e275d6576e5730fd,1
0xce28c87f3c9dc0dafedb3471318bca748f1e4479,1
0xaed960d3aaaf8f71897f3040148fd0eef69a30d9,1
0xa495e370e5987babb57580319c2ecb8e52a1239b,1
0x10e332891e38ac2d40860120754192705c5896d8,1
0x1d2a04c1489b58bdbd80898e8b10bb017b26b87a,1
0xe46df87d3fc3c68c71b9adfcecb6479e285021d9,1
0x44e204e872dae8ac81584247f48f317494bf8184,1
0x43cd8ae59273bdf47cb081c2caad0f45b8b014fe,1
0x6a310fc070041c7373ee44a03d78298e3a69da52,1
0x3433c2753da24df566ea14c40584179e97396cf3,1
0xd1c6d8127312ba8715db4a666e7cab1af898abfe,1
0x86286d93d79a9e5b78de97cbbc8dcaba0f2489fc,1
0x88f09bdc8e99272588242a808052eb32702f88d0,1
0xac0de81404e464c2f6ce1e981bc640030df61bae,1
0xf43e9d94c7baccef853ce8025743c5a2ae3d8fbb,1
0x015681019ba287158d530bd841951a9b7bc0f57c,1
0x24055d456255f02e5b6287efe2d4111900e69d39,1
0x96dc89dbe84970ee42a2f0b35fb50599e6745ff8,1
0x51712535d8e3054ef58e2b6f510a8756c86ccd42,1
0xd5ec003289265705727b622f1700fe814e54ca67,1
0xd0c9dfd3dbba87736bfdc4d688bf739b33773072,1
0xf3359e5b89f7804c8c9283781a23133bbd979c9d,1
0xe328318c037754ef86ffdde28d4e2acbd8da9b6a,1
0x73f35522ecedd8c0c26707b7601eea19fbaeaf09,1
0xbefed71039112ee322ef9fb189af1258353b37d4,1
0xd1f11145770b6d504dba8497b641369fb2e4dce3,1
0x1c3279b9ebf11f6fad79f49cb91a510460058744,1
0xe14b40c23f0974550e810841ab9cf5b1b378748d,1
0x34805e6a3796fb04e82183667a78c2f7bff29170,1
0xa061fbfa7dc7ee9f838a717e8b55fbc34641bf6e,1
0x812010bbe6652497d33c7a1fd986f629769ea9cc,1
0xf37ae3dc73ff4317f4324fff18f8922194f45eb2,1
0x134309c4cf57bfa43ef66bf20bd0eeccdeb2d80c,1
0x0780a20cdde4cebc291b2bd53b897204f360f4a0,1
0xe35c3d08163da9bd4efa00879a78504d69820b5c,1
0xd81ce8e89dd987c8ab630858c8f1e9df14788c35,1
0x91da82cd6d9c24361cd4fac79c1b278eba130626,1
0xfe18ebf2d3e54af293bb27b0bce19e2857831708,1
0x7d340cc21c26b843f3f0670b4964e32cd1c4d7ba,1
0xe28bc349f666a4281bbfed1e485e8dfad90bb3d2,1
0x79bb5016e87ec437be4b545f035ab9224a6e156d,1
0x03d8f62d29cdbfd778e670fec066d575ca87e050,1
0xe262b5a7fa6d23be9007eeb93833d2e51d89834c,1
0x86c7f8d335e5a002dba76c746a76a1b6385e7a23,1
0x506f3991ba496431524c005eb81a7b9a91b7e3a2,1
0x7fb98de44a955da8d0a260433e4c42abc4a99d13,1
0xc915d266472685f1ef2f974c5f01b4915f0df46e,1
0xab48469411a78922ae5710a8a9ce64fa37915a6b,1
0xed3c3bffcf147850406d0e58ce4f4ebd2b5cd96c,1
0x2cbdb4c6d4b42a584a217aacbfc9d585827b9cd3,1
0xe239488f1efc96a27408ba60c102103d4d1909d6,1
0x19fae508dfeeb651212047ed358ad1c1e22d53b4,1
0xb7086b0ef4be397bcf06e14e82a34bdab3f6b014,1
0x97bfeadbcfaa06cd2c14e80924b486d5104c36dd,1
0x78f0269f5b1ca914c8c58993f41181f89e212b27,1
0x168bbc7185fdff0e54fee49720ddc6e7527a3099,1
0x9b899e0136cd7154059f2a03414675b2572a8bc3,1
0x1ef7cc3ddbb2576781692c30fd2a66e97884d872,1
0x92baffdd6cfb11a4e57a58ffec4833b4d1abd25d,1
0x38167714e4bd03afc946e1fa8667269e48420a09,1
0xf0280db7c831526f80dae97d2d14807ef889aff0,1
0x70e7ee4dbbf6f91ef363cd701f4b98b70ec1ba52,1
0x1236b147e44366e6b954b344cd9afc72bf71b34e,1
0x20c1ee597a8633188757ec6ee2f7743445c95829,1
0x1fb95fc1bd13db144c0248cf1b6a0f44ceec93d6,1
0x0aed1878803e2f86b6ddb83f5523f0a793e973fc,1
0x8c0a11eb047c1097c821c159b8e0c2c5f37f81bf,1
0x32ab360477f6e401522d1d1d9dc76fbb565c095a,1
0x8881fe665adaf782b9333308fb2c31d6402bf32a,1
0x646aedb1e877fa189b5aaa6c36009a8970be93ce,1
0x94008f656186c115a9e7d4eddae1e79088421360,1
0x4bc91a44dc0589226eda736d47c8f3cfe506a328,1
0x622d4d42d78be6e5d081562d3c4cf12f011798dd,1
0x5de49d218d11b39b4ad2c3e0687444a5cbc283bd,1
0xab3c437afacec4f8d8069c11809e2bd6acbf9cb0,1
0x3ad3030e9623e9e09ae21cd0632aaa62446a5c97,1
0x473c923543d9c91209b087f456d4a796b52ef96c,1
0x45bbd6b9f4e20baa91a9af9e74ffa0b756e624e6,1
0xa323a54987ce8f51a648af2826beb49c368b8bc6,1
0x177e6254970a4e4f340fc1a130d701d91bdeaf95,1
0xf68e4d63c8ea83083d1cb9858210cf2b03d8266b,1
0xde328c96ae88f37733a8d2302a0eea537d557b24,1
0xd5f0aa8f151438494f1758db71df95ccc9d62bea,1
0x3b98f03c8c7baebbcd3516a0f47458e1b0dd0d60,1
0x105965f34e29f55efade78337e3eea727faa8f67,1
0x56ba72d74446569f2ef8d430bc70d8b3cffd0399,1
0xaed072bbd1e541102ad6173352cd72dbb71147d4,1
0x78c74a90e80b4d93b911f979839cf764be00b4d7,1
0xe50074856d95f6011ac34d7088273a2a02e2ffe7,1
0x30eea1e603b556eef164b4554bb6e7471b3e70f7,1
0xc9aefca21844fdb3fe8f58d883f908991d757692,1
0x98e9de3364f73824b06fc6531c42b85e67a4a98c,1
0x3b2adfc009b3558cd16498a5458dae70a73adf89,1
0x2b2713062620ed369a767e0384a513c5b720b561,1
0xabc8398c6edde6269dfa85d326cbafe5ace39440,1
0x274046b014ab894223268aef525f25277e073896,1
0x2e769f9cb238e5d93fbe353831c80bc92ba239d6,1
0xa31102d2f4c612496f50713ba58b7944f9d212a6,1
0x7bc7481751d7fcb76d08f596b03ba1e42378ea27,1
0x8047672c2df5a47c98c139e8fb7b403a13802956,1
0x7352cf682d0dbe319b60f2508a107339c4294bec,1
0xe81d1697e807a2a9d42b9cdd5e3986ebc09d485e,1
0xd803f85b52e359ca7151336be08c7d22683d0a7c,1
0x5d57a0f243615177fd26427b323a1fbec433b865,1
0x2cbf724b36bb47a3f992fad8000f6eb1e5a01932,1
0xaa621b960f22911462550c078df678493c22b2ae,1
0xf2cd7d1f9f49e472534d1d8c46b0b56f66463bf9,1
0x2e10fec445f90ffb0be093b133a6f68e55d95764,1
0xd172999f7815fcfb40ad8634a2c3d4cf2361f7f7,1
0x51ec5e1b8b3c4c6bae49619e657f94c4ad577b45,1
0x88a7560dcefeb94f0e2e2b23e271b5161d133de7,1
0xa54b0b7bbb93559963efc25c232beac0895e13e5,1
0x852c03de41993cf180bb8bba83e232a99e2fe635,1
0x31f8e9b0c3da5ea19f06c6df7e88f3c60fdda1b4,1
0xa80ceef34a29f36f1d0b96e2f519936faccbb890,1
0xe0c43cf26b0bacb408c6334468700179c61aeebf,1
0x20091f925b2dfe7e9da692c4dba8b6f39190c6d7,1
0x2227cb63299db1ac748347be2eecd8238efd593d,1
0x6083b3f26dc6d5a506f71958f9cfc363711481b4,1
0x61bec61b20631a53d14b176c83b8d47fe711a6cf,1
0x85172b5dd7921f187914509acd83d4bf1c5b14b8,1
0x9e2a50925eb8a2a40e58b7334075e0eb623285b5,1
0x05eec49e27704acf5c5ce31ecfcde4e382d78ba0,1
0x468a3dd19a5b8cb94fa143d01fe44b151c648552,1
0x1527fa3a0778d574adfe714b7e60c7b2a1bf7c29,1
0x56cd7d3e1d4d25d826a95a0c1f5d172e29fea651,1
0x3686a4b272c646ef6fbe34377337d95db7356e63,1
0xc74284819fb551f9827fe084e91c34cf27f92388,1
0x42a0b7271eba9b99c052777c0f4350a9a9fef8c9,1
0x9e53563dbfea80b39bf683b7d52df449a2b247e7,1
0x06afb608e917d228e6b517d7f3a7c8f40135fa73,1
0xfa9c7f873e28f18695ddc3c89965cd4157ffa3a7,1
0xff8c476a67b2903e077b16cdb823710ea3d4bc7f,1
0xb948ea974cb95c9c73c51deac5d9e4464e769a44,1
0xcaaf72105cb8dd7a1234988a635e243e1621ad3b,1
0xb057e81a8a3d4dc12294c22eb1cdb574dce96bfb,1
0xc06a00899ebd1481f243ac4ec92a276c1ff26e8a,1
0xd9a64ab214cc849ae97c67a40caac2a71e38acf3,1
0x58e5981593a25ea79823aaeec437cb09c7438f0a,1
0x5da7351a4cb03c33e11f51841bc614d985812821,1
0x3360f2bc513563cbed5a02dbb1d3b98e98f7ba1a,1
0xe1e57c6d779adea0f34cd3b84fb6bae3a54d1cfd,1
0x1315cf6ab4ca1f0b1ff38cda0dff0282b26cc023,1
0x7cbfc34a25ec7efe239f779e664875aad696ace8,1
0x5515de03f84c930cdae230de1e98b658d56975c7,1
0xcc42e6ec5d10c64551b8af534ae0362343be2a8f,1
0x4c7f1354ae3d30f7a88c9d972ad7f96b44ce0dee,1
0xf0fc534b6b655a4d3a895e055f57b0f1aa5d41cd,1
0xca6983947efc848df45c9e84b279438e24727d2e,1
0xbbd0d639bc42651de27d9beb5999033b4d59e67a,1
0x5f98718e4e0efcb7b5551e2b2584e6781cead867,1
0x6b67623ff56c10d9dcfc2152425f90285fc74ddd,1
0x0ffdb060fc6df6299b000c017990000b1a97669d,1
0x48778c974d45312a792a4e4406ecead4a9a9a2d7,1
0x85532659390f6c2e7500f9a28ba9ca26ccf9519d,1
0x32c486137b8316c723b5d778ce4ce882eca68d64,1
0xee0232025d961bf1614ee4510192bd63ee2b98d2,1
0xa222204acf1be4077d34102fab38a759060b77c2,1
0xcf6f5a68d94165081a634ada997be3a93426c467,1
0x54be3b98564f0a89237ff10d5c7a053edf2af10c,1
0xc3630cb705fa14d5c77cc8ca324377f7126fd14c,1
0x0784852dd7cb75f3e4dccabe2541c686a8705dca,1
0x620910b020fd12e7b1ff8c0d52eda66bf31213d4,1
0x8601e92e12619c02f5ac3af0aafe9043d7c2d551,1
0xbc05621ecda247ad30de99e5efb450b6ce704ce5,1
0xbe4f0cdf3834bd876813a1037137dcfad79acd99,1
0x1cb3403b4fefff13e6c08ad938f3606774b7d279,1
0xc98d8c153fcf66955a44b4678255ba2174f71e05,1
0xf2dca9d0652c43784522397c11b19694c73074a6,1
0x10efe7195c7ca47b9b1e2da423fecae8527f5dba,1
0x40a628d16be2ba6956f60402b17f52e8bfe32497,1
0xb95078971e77e0b305b77beae9e4b54d7a6ef7c7,1
0x602d50f55db1590601b25847b92438835ca8c935,1
0xa16ab54e2a9d2772a476e966e2904e4af3067c7f,1
0xfe949ccf2315faec4b47b3e2bb516c01c06c0798,1
0xb235c9fc67e6d850a31035432bc2d200e350743d,1
0x280676491188f56fa386d9833d84702ac1e24c71,1
0x6928bfb114d228dffa0604f990d4a964bf1b6e61,1
0xf940ee79a4eae498b3f45a0c9354ec05e4af1d39,1
0x4428dd9585e610521cba37c59b2a415154d875fc,1
0xebd28bc579eb43d53d5ae799c29293f2861e8f9d,1
0x3d62c8822d882c5fe903ae8bb71919c9273cc321,1
0x4909c45bce6c9f11081ee53404b866aee9e0ddbb,1
0xe46b3c084a97ac37c49b8c4cef15db1b30e639e1,1
0x700704e7ee38469d15409b8641a2f66e66366556,1
0x55d3225ae380b3e3c8896bcaa85f35eac22e3bec,1
0x52da7a2ec55e3a05a775b8bf1f6b57381b14da96,1
0x1c51a0a1c8c1ecd48487095db040371e3cee7604,1
0xf4296d0591541f6d25e241a0dac3d7021d8b821a,1
0xd9c09e1ddacce4ee6548b66773bf4e6fe9dd0882,1
0xbf3e1e5f10787af677ede40b6692ca6ae6d627a2,1
0xd5d290d2638f4fefbda64895bbfeaef52aa5fac6,1
0x18a8652979309f8df27512e3c0f9213d58287853,1
0x4bf7db76757302876d319ab727e26ab66753128c,1
0x3854bf7264b0c4c871be8507fbf1de141bdc3b5a,1
0x288235a308282d99d474e16f55cd24616b6e3a48,1
0xd8c40a8f23c062837410b348e257d48ed1cf8482,1
0xdf61927b4485be10c8b72e885aab37a53d4a77b1,1
0x454908004f88436f46efac5578b4984fe1375206,1
0x3701b0bd69b71ffe298f3e226b5ad372b22f0f16,1
0x14ddb398ce7a516c399a95b5d5c9a41326ec93de,1
0xab25a2c1a37e1f1fd689a8a9ea61eddee054f0ce,1
0x038826bb3557b7225512b60e30f10ca7fa178d93,1
0x7ec072d344fdab56b28c32fd9be1bbde2029e2b8,1
0x591f177a6bdb1b6adba108a3f9ae19603c38bb84,1
0xa3943ddbfb21ece9b47066f1aa200b1ebdcd3c45,1
0xcead3aa547dc6e7851795292ceb9d1690767ecf1,1
0x20ec02894d748c59c01b6bf08fe283d7bb75a5d2,2
0xd511f7d8738e519820f4e4194bddb253c1ce517b,1
0x8497277c9339170a0420e86da8352e0c084624cd,1
0x14cfd6b71163360b2a176ea167c2800b2deb8296,1
0x1602c6f0228761fd380b4e4cb6d7aa04c5683762,1
0x463612304c43ff2d53f0ebe147cb60c30ff4f397,1
0xe3013b1d58b257684ed9862dbeef81d863e2e0f3,1
0x27389671e4a6f66025738e8bf57ec28a73d8a667,1
0xdb8b5a83a837ef74027a66d81c0554fac0a8f407,1
0x4f2b438e02abcaa832872f896ad4497c0ca81b6c,1
0xb292a9d43ca659068cc381af8f8f4a5a0cfd1819,1
0x93757e12bfb1c0d4d2e319b621e27cb499bd35be,1
0x2cb3338f518b2d61470b4d1d503bdc84c1a04ecd,1
0x7b858de2d9f5f5f7ceb2b59a2a6c0638a6507c00,1
0xe33fd3abc86b43588089b0c1c3f44732f8fe44e1,1
0xbccc968eeebffc2586a50eef0ee1cf12273c9604,1
0xffa97863a506f560f2c0f947b493a456bcd7c99a,1
0x0155e31d9c01c28395277bd4210bf5c51965e8d6,1
0xbb6cf6429c8491942df257a96e8723b066475781,1
0xec82fa656f3e27265c53fc0aafa53cec4bf3ff07,1
0x3c71982c02b15418070ce1a53a1d7efb9500aa48,1
0x65cb2108eb9f1dd127bdff5eac452f971bd21cb5,1
0x2e21aaa167805757a0307d60631bdb43b7fb4ae1,1
0xd20f3a541f9ffa585b07440edfb1cf0cd596e8b6,1
0x5b93ff82faaf241c15997ea3975419dddd8362c5,1
0x123cd3fbcae960bbb0e7f68593b453186065c6d6,1
0xc78c838e66e93ab9bccaa72404e01adfcca423a7,1
0xe0e876b155d720555da842ef12d35073aa22c64f,1
0x0014ea9bbe130c8af7f00c8e61fc07368bdaaf7d,1
0x116723a14c7ee8ac3647d37bb5e9f193c29b3489,1
0xc9dbad3feaa6603b4ea53b89e1a737ad2cdd54d6,1
0x27458760bf383bd2fa9957ae8aa95e9fd5236654,1
0xf897c1939b330e3bcaa8ea8b3637527df5accb4d,1
0x4aa7bc9f8164feb515831f448dcd545ec0cffef6,1
0xb7ef5fb53dc42839270a94ca569536a7c7e7edde,1
0x3e25128b3d0fe54edd000a32731b804d92b106dc,1
0x1ff9e804ce80a701c8ddb3a2d645caf326af603b,1
0xcbfb9a917c2b45fbd8e820e66602ef26dff9cd40,1
0x8cd40fe6b8c6e663096668cb6fe47687593f7d99,1
0x90a3c5613c0f6e49cddfba0f0cbe5c208a1f1438,1
0xec7641e298af02c19171451381c570327389b0c2,1
0x380886e656ce40bd145a9fb85ac7e3dc51d5ee8b,1
0x6db913f0abcb48e98582c94caf6053579b2f4c87,1
0xd8b9f8a36ac3661670e066800a78882e5bfc7018,1
0x8560cbe177a4b28320e22012df9c908aabe24dcf,1
0xaecd7d2826354e5d197ad4b80acaca5f3cc88823,1
0x1a4d6b2c1f5ed37d461ad9d9c05bff6e659c9ec1,1
0x4fb4f7f42c3c225a464037a4b0e2842a7e0fe6af,1
0xa5e6b86b278ae2511518e0837047ae9595777434,1
0xc5f3dd117335cd7c6a6bb58cdfe21e7b0ed0e42e,1
0x9ed96691c75bfd0f738838ad3516071b33bec557,1
0xa4b321b3458673dc34620e355185813c1d415ff0,1
0x70506e100f837b1fd4a374f84dd77b3ccd14eb24,1
0xa73d695019457f9ee3ec22aae8dd277c07482aa9,1
0x6be5a5027ebb00c1580627e2e664aed4f0f00a76,1
0xf251b5d633b3ef46307653bcf04c8209cde7d8be,1
0xf3442dd014446b60d19cdcce0313160c3e515d41,1
0x78be6536548c362d4092d3a5c3baf6aa27b80ee4,1
0xa60f18b7653d363f12a263de60c4d03e12159d15,1
0x4b3e362b40fcf2a42429a422d9b5f10c70a01575,1
0xca4cd1152aabcb80859add1406ab7ec55e963e28,1
0xe02a199b22fa76c823b066370f715b8c9db430de,1
0x77f8692b7bdd5365a49db43e0e812dba5f6b63e4,1
0xaf8fa5568931769e99ba860e78baee7f9522e76c,1
0x8c0a97d867ce9f433b45788c1dc92501cbd2a109,1
0x50ed078be051280de17e724dd06f375a8cb3f020,1
0xd622e4cb95548704b82b2b0e600d154a5c308666,1
0xbc463a622a228d98375d575110c0ada0dd4255b7,1
0x4eed9308c3a10da02f92e516e5ba969f75367ba4,1
0xc64ff776e44379863bae2df4b96c78d5dfa379a9,1
0x61539516d19778a08f4772db74539a73639b36ce,1
0x77fa39f3adf09bde9d4f175e40d0854d21a33318,1
0xf53218f4914d886201a1ed4e790b952c46deb8c2,1
0x725a70b1847d1bf3fbb7dcaf43880a9343f308be,1
0x9b0c89b9e698aa887ee51af06ef63dbfbde2badc,1
0xe4df22aeb61aefe79bee97344f59f531a0d3db62,1
0x1554f05c8b8e79f5bb4ad4979bf14498aabb5039,1
0x8811a003b0a2b311cba5da4626a8143fae7a5a28,1
0x8b882151997a0e5e6b693e9e0d8cd76a7581f90a,1
0x04490fb053a8ff110bea35f22d955c0092aae5f8,1
0x02d61cc47cc9a19b2a023c33c094269d9af07862,1
0x9e027bc1bae517189285a207c69615d805670f7a,1
0x1730abf8a9a92f8e249b0f217ab1b757dc1c2b1f,1
0xb6649ca4641bc8b06d078bfec82e9fdc737a8187,1
0x32dc7a665af94cb941de28de8bd69b8ae95f6b78,1
0x12909009d651d40d6ae00b150db3107bc5654603,1
0xd7cf63d3a136de2fada021f4779e9200522b8f33,1
0xa7c5bf2b18f45bd9bf2bb7e97d4b34be20bbd4e3,1
0x86d3e94f2208c6444ebe8d7b2007490ceb0cd3b0,1
0xbb22b864bf23b8e46afa71a6599854243e6c353b,1
0x4c327ee3ae154220513cddd0292d166bdb414426,1
0x3299b96d78aada4191e4aad22e585fb613f3b420,1
0xc37016f3023d0218718ca22a423d9dd00eb58275,1
0x7b7fe6b8cd0c122780c94194d4112ce6f0263f29,1
0x688ffae751fd12ed525983af83952d63b6d9a952,1
0xa66e796b33016963bf6eaa062fa81d4254f33519,1
0x04d253fbdd4501c383e35dea2663a053b7439904,1
0xafa14280490a031dfa60bf2368abf9c5b650d31f,1
0x69cda809c40bbae9c16517d2d620a88f7c0c0336,1
0xcb55aafaabf60d16f8c7f31c0880bf508bf2a858,1
0x1af331dc34dd7c5c62af28b5685328318b61888a,1
0x7051d33aadadb8c7f83bc3d7efbb015cef3257df,1
0xc6d41bf45df12a03ccbb91240c3e135417505033,1
0x42143e982e44084e0f52c97dbee4b06b7e5c4370,1
0xa647a51a1af1ccae559f3ea0addbf2a42285a3b1,1
0x7865e1795d185e8006820dc8bffd674b4d019eaa,1
0x9469c98be5afd94cd601e094bc401ddd37f480a3,1
0x6d5f1fc2799d285f26951ad0d2bffd6a85cb2b6f,1
0x1a63faeeaa780c1dad17c5fd1459b958c0ba1b92,1
0x1da0f2a58e65d98a8d04ba3da56cff9f5ace5615,1
0xf93a03aa469db2556aa31f0872bfe1ad248f3f10,1
0xb60d52448a5c76c87853c011bb4b8ec3114a3277,1
0x9629d0e1f717682cc8428e1646a7fb408f20599a,1
0xf253c885f7e5f2818c03547b16f5e9068d4735aa,1
0xa60bd7b2e5e923d667d7e7dc8eaded8492c2b812,1
0x19d164fec143ac78097283413d3ac582bc71e79a,1
0xcb8343b134d73afbd9fb94efb71b4276e80d02ac,1
0x6f7d724cea9a1c049ac7926efad2aea250c119b1,1
0x277884f6f7c8a96aa25cd5d4ff0a6354c57017a4,1
0x7fdc3797c6c4e0683e40964d526d2eec89686cc8,1
0x18ba19ef5c0e060c7c0bb1e622c78d6fa493e2f7,1
0x1b7150149d8723f617ab9f130648a1b07e8cb733,1
0x646ef8e3c8e79a10daf8f32621a3e468501cc3e4,1
0x8f060f02d24fdef9527db108acdbcb3fa3577005,1
0x4dba5cf243d66c4a6656e9f5a0f628b845cd33f7,1
0x5f75fb6104ac8ce72879347db1041adf2f7745d6,1
0xf4aa005cdd64b2c80e6cbfc30c427f80b5d1f0b4,1
0x8eba867e62ca60a885c72444e0676641dd0b942f,1
0x73a6f78501ad217f95000b8d12a50133f0b29cab,1
0x73ffb5a957ee669930c70466ffec4be0898fbcfa,1
0x9cad9ec88699879b16887f501e87d0753445bebf,1
0xa230d3d35600e66ef9c087bfd7c588e0f4e1d545,1
0x0720bcd1240479659ff933e620a89aee5816bdb8,1
0x2380ca49ed8e933c97905977763693e5cf8770f4,1
0xc6bdfbe223a6de6a17d49cf54763392ecc21529b,1
0x42e250824bdf98f3e450784b0c1cdc3ac2f157e2,1
0x92e1327d2153d06f89b07b453820c0d825186bfb,1
0xf7474070f2b9843df17e41213b6d89a1a6648b86,1
0x7564314c19620a83b2c87e6d2febf0c3f846b1db,1
0x5bdc68dbfe6fc2f42cf0922ce9b61146e6d01d23,1
0xa1effda93fcb0df8e40b98bf10219be8447e564f,1
0x0116bc6d6248a99cfcc0d644ed3250a7c45b3c94,1
0xd74bfb5811d50e8ca88b33dbf900659dc03eace9,1
0x9d36ee50503d0928d213926c1ecbab626a36e4af,1
0xaaae5c0a8e05ee5b3824b2e9fe939d5dc3ba3336,1
0xa6c3f37c74e753777fcf535ff9e9f2c4030c9184,1
0x5d643f55b82e89f394c4a688ed6b91eb1d88e931,1
0xde1e9884949c5c7e53f31acc12a75812b5fe2fe7,1
0x2ae31abf71ce95a10d3a9eec7bd68745bed56160,1
0x7cef7db4289005fd56dfa6c73bb2be6ec13bc250,1
0x3d45ec9d2fc1450079fe107e49ce5377e61fadd8,1
0xc8d714079b1f4cc21ef121c7ea8de8bcbf161592,1
0x1b7bb9251a6220b42e920350ac0fa3004b38729e,1
0xa4ac3321fd639a7e2b53da62897955d920c97012,1
0x5d89e37883a037c1e76039bf7ee51bd36e383358,1
0xf6f85d9b96a43c87fd29e2facbf644df6bb029b0,1
0x0ae6190349b79dedb16fadc3bb58e428938f3644,1
0x495a10d99b304c613bdbef9529aa655731a7a49c,1
0x7fbc6e5aaa1983ec502ada9d44043dcf22a10a0e,1
0x5062643314417a88ae40bbdc8b15f21c4abb288b,1
0x579cec7ed45876c75bdea68cbaa589137de79580,1
0x0f189ad88e9cb528595dc379357bb5e4bf92353a,1
0xb9cf551e73bec54332d76a7542fdacbb77bfa430,1
0x92a7bd65c8b2a9c9d98be8eaa92de46d1fbdefaf,1
0x9c43b8fc9585f2aeb9193429d57174915b742779,1
0x95e97afb038d245ca55a83738aeae4cb7b9c5849,1
0xdf90682f3c884651e13d48acb7e4431764c92c48,1
0x8d32eac23c716357ec7a03fb3f27861e45dc6d9a,1
0xe373d8e1cdafd885029faefa4b0d66813d353353,1
0x52c790d3b1ba407ec6702bbe8bab3a78a2015347,1
0xb3d1e1adaf5823d5f72e61e79915127f9dc84dd4,1
0xa244482e30822cad556f0338fb1e5bab72890604,1
0x12aa47c2695b88664e926f475902ff3fdbde7aac,1
0xc84d2bc55399de1f181c5adc01ee9b4e9a1f5efd,1
0x96ceed8be02c2f346c8fef7d830a24b5ee2a435a,1
0x9499054d02a725316d61fa896c29d58550ee4a5b,1
0x4ba9ce953a2247866c899e1d43a5c8e612124e84,1
0x27aa6f899167706481a235fd24be22b2855498ff,1
0x265773b798f5a83876aa0a463526a5d86dee5e00,1
0x10191ca151d7d7dd6bb2b3cbb358cb4a1e7e7361,1
0x94c7c5f905fc888ddc48c51a90b68ddec44f8d8c,1
0x59982b331530a6aacf200f1b9cd40cb451609cbf,1
0xf3a662e6a44999322a14525c2877dc48fa8b2084,1
0x58cc72c8007eed0cd4840896838bfac3ff92d254,1
0x78ff371955e3a7af7e83873c9775cf382b6a0cdc,1
0xf859068452f14ca012f3b2c9604bc8edf3283db9,1
0x405020c797a64f155c9966c88e5c677b2dbca5ab,1
0x17fdd5ab047e502ce1faa065f49170875b083a47,1
0x6a278927f03422419901b77be4d47700b1f3599c,1
0x7238207290d7e9207662d8678f07dc5b6035ef55,1
0x963f0546c3f8c985e51a80e52a7a11c3750d2357,1
0x6a17d3dd92a8d8fdf8a1f27c36a9e046121fc69c,1
0xaccce5523ed582f41f3d21cb9e3a306c4489bb48,1
0xed5ed5af580f48306aad3abc4b2be1629bcaf5e0,1
0x19f7fc2adf25ae4c59cdf549f4ec041f89815c95,1
0xd6705c53d643cf4540547f28d67bdc3e60038fe6,1
0xdf37ac79f8e9b698c4ab57d30a41e7f272331391,1
0x09404fc75de1417895f6f6ab74f56f0ffc1f221b,1
0x567e51369295a9d13a8c52f0910d9a6b0995c1a4,1
0xd60eae7735e99c95aa8add97a828876fad7a4132,1
0x393effe40fe7ecd23446551d89443e9008aefbcc,1
0xaf37772cd8a8faefeebc41c30ea915404469ed2f,1
0x199d68f140c3dec500f80b0198ca7ef55d5e587f,1
0x09881c99a4c81dc07ff5ac9c8f8ceb46087cdb5c,1
0x539c0b07899c27b3805f422520f5d9de10121d63,1
0x24c99c4f527559d4fefa735f5732f0a478864057,1
0x8181dd699e486493027e4e21bf6d0c7b7c94055e,1
0x81bab6ea2b3b6f2cb249767f7ca253fc5cf0318f,1
0x596dc4bb87c9d7dc4e227906b2fd6651ae2e6fd9,1
0xbcd653c2c96856fe1844d049bc9cabe5fb91a55b,1
0xd89d0014da4bb3e6cbd8d72c8b3726c9ccba65e6,1
0x6ca1e305b3fdf0e8207492628cbb2856c102fcde,1
0x0320cf8858eb58636405ca3f260fea793c6fd168,1
0x7194921b95e150f84b4d68111404484fde47e750,1
0xf6cb64ad324d2ff8ff26ff90360e2835086a9b3a,1
0x70ddda43d4f616263b1db0ec672cbd8795db13b1,1
0xbb8fafa8a629c4dce022d95e098ccccee1acd942,1
0x2d2767ecff71d594823ef329a82ddb9f318cfe4f,1
0x518d6c448af9265d7c7b5433bdb67efdff10126c,1
0x92cfc1c067ec6259b9019ce897d9035a01b1b750,1
0x5118e6d7c4653c315a0c013be6a5bd3b5f5d6c3a,1
0x72c293eefdb532bd448e876174bd54161f984096,1
0x528e7db54e33c52277ebd5daac7fcde897ca5085,1
0x8f3d381a2df65b5b35496be5ca9e48ba4ffad34c,1
0x370daedbf825c3445b999275e916137d5f4ef452,1
0xda3e1a823f8c4979701a83a16ac95f25f0fa9a01,1
0x7165a04c41c9e5e67d4850eab1dc6ede84d117f0,1
0x8199971bee1d89404e0d52900bc18f9d83881f0a,1
0x6cfe66a3a1686005a2d1d218ffa6418b049709a4,1
0x478bb542f7658d635abba67edb987806dff5b83d,1
0x0567d67105ae13d00b60a991e57b9cc83f05c083,1
0x2f957f77ed4314fa588a11bfb0f1e77060a9c71f,1
0x710852027bc25db82ba562d5b1499b6d9b02fa9c,1
0xc26b13bd421873ca9aad82dc87b5880d636b881a,1
0xe9675d158acf1239a2184c6716bf523f1eae0525,1
0xe634689171de35d6288700244246d3ecfdd94715,1
0x15289af0bedbd7ea7f09d7d074e1309800e6f99b,1
0xadd93b1acdfa3e865bd1e6495182e9f1ac5cc35b,1
0x985adc7b3f514db68802e44557ccf1af3fa95e25,1
0x3cf369fa470ba673e53ce2c1331aa3ae3817da4e,1
0x27493bf191148b43754f5a1fa5e1da1609022240,1
0xd02cf646520827d74d4ff0435f96220819772b4b,1
0x96ddb748d3c0a24bdc57930567bec9b591ff5b11,1
0x063132e1d536793a8d1e8f0d850af809fd7858c6,1
0x2a193336b79d9462bb36215210d44e9d60878c65,1
0xd76d392d17379c22ca5e49d167bad1dcaf7eba0d,1
0x56879fdf9792ae08e890528815a317ae53bb6ddb,1
0x97963380a1ed099905a7f3d8207e650caf2fdc05,1
0xd2f295776af09d33e0653cc4d0eb9aa716b4944b,1
0xb27ef7117aa0b6aa34e051221a1932de261426c1,1
0x295dade584004e8094ea8d03e8c92de23a2153e0,1
0x8f3081f152055a51da9ebe47316d6ab559d6a77e,1
0x9a78c0913396f8607eac7c4ae211a9138c2a1fac,1
0x590f4ca9b70860d1b89be8a7e69f22e59f6dcf6f,1
0xcdf03403e1fd9992f381f19ec0018c36a9e2f5c9,1
0xf7d583bee22b514a4c4dfea147524642a722115c,1
0x84b9cb209d28152103e7b03d54b286886ee05c67,1
0x2151aba37c89da616ea293b46113731ea7aa63ac,1
0x03e0e647051d14ec16b44438893913f048810cdd,1
0x4ca1c22a3bff99415c1095dc22b3595d2c54c458,1
0x87193fe62b63b811bbab15842c413b3bae94a6a2,1
0x90468a45f4d34fd76876b845b4c6291ef7bc6e64,1
0xe1c1c3867181cdb15f5c011120b4b7abcce91c5c,1
0x42a75dde1981f918ba5a84d340811f72ea18dbf0,1
0x2a3e5cf41a9a3ec33ae00cca569076f55a52837d,1
0x7738e4dd4fc3b6c95b8925f078363924c0f0b428,1
0x3ee9c72e4fe1e6fceafcda4c89fab3cf98e7c5d1,1
0xf5d1654521931b52a325d275f3cafa2585a20b2a,1
0x7024ee7932e4d879409f9618b560cc82cf093a7a,1
0xb9234734c1ace23b0c57c126049a2c40b29093ca,1
0x3a4c7ac6873316e2c62a168150c49362ea4a77f5,1
0x45f2d5c2ae9042d6b621fad10f0d0734b29681ec,1
0x60356707746ea5a24f78cbf6172090fb4ae4d53a,1
0x3f160174c45075e43127a8666c897446970f6fac,1
0x80399f0ea2644839dc5f581fd3a021b0951a2fbc,1
0x47a266e4dc05f69f4e6166a013c300f7af5ca1de,1
0x33bf10b2b4a57bc20d955c00b2f735897124785c,1
0x9725267d94b029769d68a91ed8239a631b69cfdb,1
0xec5293d6d757089797e36db3889c5f5e9a449607,1
0x48c910f86993e5b090e8ef9f62daf099147cfd43,1
0x296c2d4daaef7b105ea4482a842e1cc882583547,1
0x2f44fb58135ae5d3793803c73d471c7cde4bb774,1
0x690ee4ff4d51313cb851da5a7b0cd4c10fcb2321,1
0x14f62d1bd107f1afdfb1ac24d28c4b74799d88c7,1
0x4158406b55313dcd2265b42ca0576a9075a9aeec,1
0x386e0ad23a9f182d884ee2b8f61ec8c626b94385,1
0x52016e2c8d60b8258f5152c4237dbde45660ff6e,1
0x4e21d3cec38509cf7a3ff9ec53c32be893e9f2c8,1
0xc79eb3e0f6de5d735048779b366972077458775d,1
0x9c979defa2e598a033ab8e57ddd65e707e0aa3fd,1
0x715fd9d95c5302e4f7febd8476e3f9c6db4c918a,1
0x42f84b3f0f6551ac7fc2495bb7cd2fa6afaaa088,1
0xf78a1568bdb5f0c639243c9fb4f3429984015b7c,1
0x68b3778679e6c88a19f612dbec9bacc3a4e52d05,1
0x35a958858d46bcd9984360911bbaae44f4ef8f50,1
0x3d7f2165d3d54eaf9f6af52fd8d91669d4e02ebc,1
0x552f01d67b352aaa38bc675e30ced97f2451df63,1
0xc2aaec38c14b81332f6741f9fdc211c6bb6f894c,1
0x10c3370deda31fb72edfc2edbb2cc1024ab096fd,1
0xa810ee0b25765421f1772428e6a5c5357cf55183,1
0xe5e508c953114f8688b9d6072cb1196cf6487006,1
0x4b2c1ce6a01981dc3ee79825bdc3f3cd7932bf11,1
0x92d29dadc99cf8f512c26e6779c96b6f320f1de9,1
0x010d09ddd06776f28361556f02d3cc137960876e,1
0x486b93068f8c9f8fc41e46ad22e4170852618e15,1
0x504552190ee73a58ce0c9ad2690e82f67ef14479,1
0xdc0cd73fbebd5e5a10227d982fb9bc212b80fccc,1
0xef220de4c66c1ed36836d266e8b6c169693492b5,1
0xe5a71488829a45c6c06f94f2feacb97ed976826f,1
0x3a662f787168e8d856e801c75449876f4da9208a,1
0x306d822df1990e74d4841e349057d69a31ff0f24,1
0x48ad42667cd9984a5eb10268d2e94449eeb928f9,1
0x343193017fd217d19fd983e31db701385c8504f8,1
0x69a949d2330bfac2fdbee90ccfa9923343326b19,1
0x740a92667afbe58bd1cf086625951f9a7197d2ee,1
0x8427cd35ad8d1248d203bae6f64f2a4c98d84a2f,1
0xdb25afdb6b1556a11c5e29aceeddf497a038a09b,1
0x937c63bf510fbf48f34e500778feeecf40cacffb,1
0x1b90f6e0d42a8acbc94d25d53a242a2a9c85254d,1
0x843f2e3d685caa87ae089c1b95cec9f43ee65afc,1
0x7c76cf8894d42ed11b53236da54f05add1d44073,1
0x39b0b2bb9c5dc3c63a715c16f9115d456a212780,1
0x2d00e20e9712618b68b3ece1297502d4c9bd70d8,1
0xc97cc6cc4b07ad3f5919165c99ce43437d6114a1,1
0xa4766aa40e3f8c0e5f4d95be05a222a574f98f10,1
0x6a9b72846ab3cfaa3394460ba314c9d3da02110d,1
0x949ba575b86a5a86c4190a33bf4a49ec9f704215,1
0x7825d1967c8dc8a315e59893499f0b0a00ed0e5d,1
0x67c87c11250a3dd2c459d896d862b0c599db4248,1
0x367da18c27e44c74d918a27a179b432de2bf119b,1
0x03aeda839a71edb348468d16fa948b08f2480329,1
0x0f3c76ade30adf61b64d01154911308491784dfe,1
0x87c6fd1979abb85c430d89fa97cd731b440687b2,1
0xeac0ef67aa5239d40c08984efdd61eacd6b8d140,1
0xe87a10d5b212d169ccbc9a50cf5e23dd3da27cb6,1
0x4943cc7813da1697265fded90a2bfb749eba0d89,1
0xf598aadf12a2fc4709b5db0c4c169715efaf2038,1
0x5f80fa8a11fcab25bc4837f0009737d5e9ca9f3e,1
0x1af42e861037f45e1afde49917d545cda5171a72,1
0x15e3bf5f0158afd884a85defea6ffa9056ef871f,1
0xfc76c2242b361b4895dfcecef9a728b5e0a6d777,1
0x2737878346290ebb67ab876e976b1fd31f7cf4ac,1
0xf0b4e5f9bf9e02637748153b956819cd3e96326a,1
0x40b471854fe343ac40e1c130ea7c0382a8d04c05,1
0x76f838819f33606393e40a8188cf2b279cb98df6,1
0x69471066140252f1a7529b71b56cd06b6f390eb2,1
0x576ed9f68a4201e2f2597edc0b98523cc0ac5fae,1
0x88188aa8406201f427f171c28e489c897d75ac7a,1
0xc008fce4b57d66d8e0770306b28b04ac45565cf0,1
0x5b58aeebafe359fe5b19ae3b41048ab859f4bc87,1
0x0a9bc3b0d19bca983cd9a6d251dc5920e87b223e,1
0x1fba0893b478fff6730f52a7ee96a7d180a8e5cf,1
0xb282d923237ed6f472bce56a93a8525af79b9932,1
0x29bca487c390fa4773fe10839af969e13f2e5844,1
0x63648f2c3e96b0f548575fc1b1efca1a61f5de50,1
0xb92338347d4ce5b0b3d20d28985e458908f43d52,1
0x31b23128eb1063faf10ddb10e773aea0a50db236,1
0xeaff9922f7be8f4445668bcc02c4e4231311d0d9,1
0xb14be0a9f67ef3e8bbf44cfc516ad17d186b3aa2,1
0x7dc35b473b6ff652c1c437996244a8d14d026252,1
0x6c3f8b24804f6d394cb0e5f407ecb661dc0f343b,1
0x513b793ed1a277c639a6486f0be57ae866a8ca82,1
0xa54e54567c001f3d9f1259665d4e93de8a151a5e,1
0x21b5a27ca8d5681a4dc9e9c29615716bdff7cb7d,1
0xf170fac80d66f4a3cd92c030d6a63dc1cf637d4e,1
0x4dfd1688ec88704e0d43976c58c34dcdb12ab55c,1
0x32b6cc0b1d20703f551e9572c1a2cbec58063d4a,1
0xca432d0e2a7014679c3671597a6863892e511ebd,1
0x375ab791287811a5527a54df9d7de8ad3ef4ad7e,1
0x435a4ccc3712b0b40ce16a1c7bfa263ed6e9bb33,1
0x057e2a10b1e72eaebbc7edf7f54fbc3762f975c1,1
0xd646a3cecfd4713095e0951a6dc939886576d9ba,1
0xf2285af9aac7d12574784476b9bc43f8adac034f,1
0x3b22621a2b0e1f8dd3056975efc2150d5fbee980,1
0x7f22ea01e0f8cc4ba0bbdf3b34168b31a469cdc6,1
0xdcb43ec233c0816d7648a5577241871289c5450b,1
0xa1d03c006d5b25778aeeb6e52c23b3dfbdb545b6,1
0xbddb878b393bf91f8d34b2edf7087ca529e3ccaf,1
0xa30d095a87068b90063d8b2c114bb553579d39e7,1
0x7d639b54904816df6ef24f10ad421a874621b512,1
0x335644105c779caa9346303dd726ef283230845d,1
0xc69b09762e70d773d0f601304517628f6dd3326d,1
0x8c6f83378e27fd2a4b755af1375fb17314e96e98,1
0x0eaa21f9f87f78f64f2fb93d99c91beeb275e8f3,1
0x42617123b481f61df6b5b8a6484ba0a4e6929279,1
0x0b99547e49d5daff6ccb57c791b9310c4b4f842e,1
0xbc9295c4b8363049a62c930700d409c8fd2b7050,1
0x8511a533d0fd5a46d8c403549277213c95f8bd34,1
0x9ee370a169196b497e50498cd4ffcbff190d0f9f,1
0xda8b6639bb38a56057ef26a92e2c7580f45fc5f6,1
0xe144ff7a82ae2d6439f2c7bd2ccb7c1c94344fc3,1
0x30c1f8d8b7d34acd0827e4fdc7b2d98c32287ba1,1
0x1cde3c510e0178afc5a0717b5ba323eec275cb0a,1
0x6493ed5656590b9acab800cf108298a8d97f073e,1
0x1234311096a5d59d444d4ffc42b16b0ecb83b9c3,1
0x952c6b14405566fa50434d23af7075b9e0833676,1
0x42b7ffc3d42e678df35135fa9d9f9589ac8df0de,1
0x85d8e62e0e58e361aee49364e67ac6db5e8e38d1,1
0xd36d0ace6b18f13760376751af10741336131ce8,1
0x957a85e0f23a5c6e1ca7c8e869fefd01cc406e0d,1
0x43cf525d63987d17052d9891587bcfb9592c3ee2,1
0x0eb47beabd9ce2cab7cbed57aa6b040975bdc1b7,1
0xf8027e0f03c95782ef9be1826828bee931c1ab83,1
0xa0a43e56c6df95cf01d089d1284987468f8ddcff,1
0x86deaa62535d64670c2afa1dbe3eb3cc5f418e9f,1
0xd42545bc62521805c2093a30df6bb5f71f030590,1
0xa8207370cd7c6b87aa427459ec439486f3dfc8f0,1
0x51097fdf7b9ba09e578c4421b99b427097b055a1,1
0xf54fe7f5f0f8d13ce9b685b8ad167b466b637f0d,1
0x63c0be9e89d8cd092e27d0edb9e6b19d43cc6a4b,1
0xff8991b1fa6b84e141bde964d442ceae0348040e,1
0x811c1ab500966bae6ef3451c2c1820d89c3a9f0a,1
0x56517e41ef464db3753ecfdd2dbcdd2f045b573c,1
0x5d1792dbadd764f293cc12da86a40bd1aea4bc57,1
0x00668bd79ede077b99bbe1c4db59418bc333d4cf,1
0x2db5a6d2a3d544f12a0c898ff25b1a18fcf9a554,1
0x6215e1f18f9def7539003140939237a01a6020c0,1
0xd6f6dcfb441fd148848d76e22a4db9c84ba2d8a0,1
0x494d36925644a66737c3cfe8f6d1ffb8768c9941,1
0xf5d3b528bd3510a6f97c79557445a0b05bba85e4,1
0x1187ec27eb94e65717af65f3ae8c326bd8bb47c1,1
0x7aefd0856861060603fce2910a95d576f6f9fbe0,1
0xeeefaa6890ac8bd6d05b48160fa663dc3a6fe72c,1
0x479bf4c9d6fc555dc0ffeee66bb7ac17ac80a51e,1
0x9af0faeb95cba35237fcb51046449c97596afae6,1
0x7034adf76d5b3fe6ca953799ba4aa05e511db56a,1
0xca7e077ab56ba580f7dbe6e50cb2468827bcc40e,1
0x9cf77a5bf1986745f751c19135545f47f4eccc0f,1
0xd20ce27f650598c2d790714b4f6a7222b8ddce22,1
0x6254f6b5a8836dba6e00b8529186de063c0f2c96,1
0xd0c6d5591581b12902ed0f154d5211003e81675b,1
0xa40d281de9c15d501ef21ac32f777a5a551fddd6,1
0x7a9c55a0c4d0e88f18615bbdedad5a1dccee8527,1
0xb54a56f5a61f9e63c71bba6e3eca4e1a75835e7b,1
0x72cccabd18786edb51877ee47e4098e992e95976,1
0x71ab2fcddc6dcc57d1212496f90a7066fdcd298c,1
0xdcbcdd34184717071d0f15b380ed19e207d77999,1
0xbf949494127d3cd72cd3399d4ab38312757f4d12,1
0x6a4701c6df709f0b4ff349b8be36d2424cd116c6,1
0xd537a2b2b97d104f2d9c7a84377fc11573629085,1
0x61b4c75ef32e93d14edff6c1a344ee8d66a35951,1
0xe8ff464b954d12db575ad0e5e5a7dc9c041ee6d6,1
0x00eb4f521acf3b6245c751cb89bef91cf420a1f7,1
0xad9f4655afbb676cf93b324c6d0852498a4f48f0,1
0x10f227590e62f372798c06f9dff8ab96d25f00da,1
0x2c9d56f321fd120009743fef09e2a6110178e200,1
0x63f67e0fbd197f7441d92a0d63044c5f94f018e2,1
0x0a81816f351dac9deea2977df128d3d25dc202d8,1
0x71f631b8efe9959f46bcc5b409d74c52a3b67935,1
0x85bc03678220009e82206ddccbf713228750f759,1
0x3608695a1e75f91ea4cc0fe3b1bf7372db11629f,1
0x04a966a3033cd0a2f2e14adc660cb16deee2be40,1
0x27e37590cc23bbaf90a53cf2e1afa70c285c1fbf,1
0x16f627971b10c0de197db3396ff3a73567bc32ce,1
0x863c9aade08c7e024a4c7a2884c6024711ccb11a,1
0x90ef9454e087ed8162bba782a1a1871e8b44f775,1
0x04d0c64d8b303586af5cf6bb37db16bd7b78c43d,1
0xeea3d1d0bffc94c1bf9664426882de8c54bf7c78,1
0xb94fa12f04d9ab81468e5cfab66ac54f54c627df,1
0x3b2887ae95e50f22e9a1b225fff308503aed48e7,1
0x4328e034e340aae13e9d64c9d7e1c769509cf8e8,1
0x3f358b4e54385ba4fc8dd9ea718d360db5c7fda5,1
0xba75f30f2717bda34c2e75f5512379753d38085c,1
0x34fd55a860f1df45bf006a81c2c3136f48254622,1
0xa0df120104cc8796af1377b931b30279b2a01ae8,1
0x1699f86a565f60fff567f23fc60bb1ef9385b16e,1
0x5af9fdc81af83b0c2fae687fb916bcc6cbf13e7a,1
0x7079bfcd09ac050d3c8ca5d230336505bf5beb8a,1
0xe72bb89f46dee927381470abe1991ec6eca903a3,1
0xcf7e084d9068634b94d18cbe979743a591f84e3c,1
0xefea7c883b74ef2865d953d8fa46d6e654b8ffdf,1
0xa954b7233974944a681957de8385b46b855ffd41,1
0x6c4b1abaa331aafd5020b0e865a9bdd567629327,1
0x3bc1b52d90fcd503031ca39f718474f3b42b2200,1
0xe530507083ecb8d2b474b96544216e0dc92b1883,1
0xef6f856947f7defcbdd1720f6ec578fc115f8ee8,1
0xd70676cfa67abc65a8c39f049d62eea30e3080cf,1
0x57a4c7c267afdf07bc8c9f8faa46a43ad5ccb688,1
0x7c344832ec4142108f6b6bc49ce884281e6a19a3,1
0x3543493a76ce5ca362dd6eeef000547de52b6875,1
0xbb1d6ee66888123aeaf75349a6e6026979519acd,1
0x9c5f3693958aa03d3279a78f04fe516f40287092,1
0x338d72af474451ab25fd5bfdf554a9fc699466c7,1
0x64f6cf1ed66fcaf299eedf5b63895bf0bf5ffa24,1
0x55c06d471a6f04b3933947ce0af9211b85f3cf82,1
0xfa2ffca9d32a9baf9945af36bd3c5c2b0b57f5b0,1
0xf7ae3ddf6a3da444fe28203861cb26691141ec6e,1
0x370c4fafd8b9a621d01df979866c5259a2f74211,1
0xc81bdadc8f4541a03296ac019fe830331cbca51f,1
0x573efb51f83d4265763f530295d4afb25a487bb7,1
0x669ecdde4a56480c48bc5a7f243cd94072bd5f94,1
0x2f8f6b4a198423d4a6af82bbf150bf523e70b43d,1
0xafa89e47041384775403f4e3981962b744bb39ea,1
0x77360ae076ce0090255dbd75be2bc85fddea80a0,1
0x9e8213bb81f5b7fe3cde490a096a630279ba063b,1
0x00613f2dcccb7ac28fa1806fabb6d6c392417c23,1
0x2fa5ac62ff5c3a2800e3eff0d1bdd14bdeb0e1a4,1
0x91b7f6b94554cf9e1dc041d9a15f5bec30b71166,1
0xa412daa017927c717887ed27aefa0b720ae25b42,1
0xdc5d06f1056f2796834e9bedde6afa45ed0e322a,1
0x6519f68ca26c7f59deeabce7194da4d14e1f2847,1
0x20d66886333375814919235674e68c7df7504659,1
0x6ab0bfded6af31cb0a5987f08564ecfbee691757,1
0x685cd3126cda027eb8b4136db2b088324282d28a,1
0x092406b68ed70e6e94db458f9d4fe071240409ae,1
0xa17b595edcb5c66c532c830e34e823a3e0033c8e,1
0x954a5549283c936575249d50fae039598b403a25,1
0xe22c2f9460e76daf26411d46911b66232f4f1253,1
0xae00f13c419d06c9b4b0ce963d008c565e15f367,1
0x7b343c896f85657976dfc88f282a69fb2e2a99ba,1
0xc9a693b5e1c8b3a46528be8e1ac912932bf2788c,1
0x8acef818d1855363e8072f82c21793023b28537e,1
0xf4f5702683ca7bdbc7ce5fe7e360147779bc39aa,1
0x4d6758ba3561a39ad29507363edff464303b4695,1
0xd5f09257a7b7d070c39e6b4737933324456b6211,1
0x1a51e5e5c4fe902254d6bf77bf94b3e648d545b9,1
0x2a3bccbbea5bd5f788cdadf2963f8e29c653cad7,1
0xfc61d7884b047f9f4bf56e984f773f1bd5d51480,1
0x15698a313fce62baed7a64dba44849977d98e8c0,1
0x61b4468832a1a78876e5c6f1797b2da9360c73d5,1
0x7a205a4a5f1cc04cfa751b030322804a0eb42d33,1
0xc51f6b8ee3c35a718d50aba5dd86683e1fe8217e,1
0xce357db97ffca9990947e197a8f6aa10ab84dbea,1
0x60c280724bcfa9fb08dd55ff84c12fdd1d2fe02f,1
0x5d2035ebe68f4ce03d6822a68472d82c74af18cf,1
0x44919890aa28ac5bc0e255b2dd1f9c6fb166cad3,1
0xd68615c82c613ca1f42fcdeaeddfa0e1d4c87e6d,1
0x06dac6a2dcfa0f0dfb3e7e766515eef5b2c6399a,1
0x279c14599b8c2abd6d59686846958dec848a43cd,1
0x645fd16f3508391e8385fc0a181076994079aa1b,1
0xd78b3277352d7c7752831de72510f485f3e8a58c,1
0xa2d1ebf3b7d49cbc5b171f4466b7a90f75bd597d,1
0xd0ec43248df125fbb02da77934ff8b3e675f198f,1
0xfec4465b6aeac9c90e552ae7766bdc0ee0d8dbc9,1
0x89135f8ffa1e107799caef5328c6d3ae6e7d849c,1
0x2cabcfdfb87df7e03d5ea9491c1362d8bfc596b5,1
0x36925330dda72070aa7670d1f1505bf77e25643d,1
0xe0b4bfaea4ce41d50449e7e3f8d3a53ffe8005c2,1
0x357fd6924cde3df99a9e83f1ace7a9d85cb18aa9,1
0x080011fc1bc948505daa9d76e5a3ff24e65d6d9e,1
0x7660f818934c9e703bcad4de31c441f6efcf02e1,1
0xc4627e5c93b5ce0697186ba3b9fb322c8d4c2e1c,1
0x48bb7d2efb44e76fdf95820c7eb04d63242cfeab,1
0x75d41cdb138c4125f89bef198fd3d865c5e42808,1
0xa8f3d8344d20029b667192b48156899a60415ed0,1
0x27b379901e5d142c2750cd754a4fe828470390ce,1
0xc837d4986b23f96f8d758bbedf07c1d25ff83b19,1
0x28b0ec2af8d6d30e02888b543652365180c6b3c9,1
0x1eea95f2d2ed24cd3451da93a69efdd08767cc5b,1
0xf7b6409b12a540947688f054dbf5b629fb3fc7d8,1
0x6cc435f69fbac8ccddc8757e46a9d4376fdb16b5,1
0xed9788430cd53dd218c80063b2b788a99d95065d,1
0x6f1f474066c7696caed6337c5dad91bca35383ff,1
0x096dd05d5e0abc910d41e080562e7f22b30b1864,1
0x45407d6b6a6c7afc45c7e4a8e3de2e1374b0cc69,1
0x4ad5bf7218b6695630208560bb62a38016ed64b3,1
0x13ac2c9314c262f1b79d5a9b331b625b15ef029f,1
0x8e02c045c6690749393e9c3b8fd6befa651cb718,1
0x29bec842430930de7a8a1a6d95e739ff824f2c08,1
0x14233c3c789080c251125be67cb6650be8434d5e,1
0xe45380c24d361b5314357ad93dcc3e0e540718af,1
0x6b3ab283947afb581a461770d7c52d47b2624788,1
0x524b7c9b4ca33ba72445dfd2d6404c81d8d1f2e3,1
0x140de2c2585f66e922b43ebca1387dad90de1adb,1
0x15ef9bb5d59fc204caab300d0c23d28da34e3535,1
0x7466abc14c0231d22ccca80ce2756bed7c73da67,1
0x4e0bd3bef962d9fa4a561b288d6680faf8fcd200,1
0x5f603dfd9f82b7cfea8a03ad7c207a3fb3e5a8a5,1
0x56c31c02e723277750739f04963610bdc53ccde3,1
0x0f3ffc89b30f5561d49c11021d5f7164c877c2e4,1
0xc8ba28507aa7f1825db28a7882402d616ad7f562,1
0x51cb87167c04abfa132a67a037b50b5dc4d978e8,1
0x7dae68af57d5d40c506ca773822a699c2e9f4eb8,1
0x58c7f158b78e896c94c0c9787c8703612e6c496f,1
0x98bd03c7202cae140810febce681563b17bf91fe,1
0xb51910166a76de8afc66572f16f222f5d867bf5f,1
0xfd17019d6a7ddc7ad585afa68dbef71084162601,1
0xb774f65d9eab67c9a587eadb5b79d0a02bfa5c42,1
0x4d42d679cc113ff293f96e1b820209c661ee32e6,1
0x04aef0c8306c1ecb8cf17ff152c9b62e01282c1b,1
0x009ae2d1a7240cfc89095fab06ed24f1641d9169,1
0xf54d81b2955832474a87a8dada4a042a05b83180,1
0x3a2ea5595098565e7362e04da30c5ec29435731f,1
0x1d2379f03f485cf662b67fe763f4bfa2cc595834,1
0x338b3948e0d985fd89aae348757f7fb95f9f8060,1
0x017c4dc18a2d67e82a49c4359016e50fd8e63233,1
0xd11d1c63911a42a2435256c013e4b88313dee2e3,1
0x1bfab2dcaa9aec8d03632cfd9318922b693814cf,1
0xd2fc0d9f79ef243956c10e0c6e76e588d70ae8bc,1
0xa649af880ff7b21f79d0893a6849cfa2b264ad82,1
0x310da82a1d3d4d2d8f9b05daf3b2965ff1bc761f,1
0x59a1c02fb7070dc79b942b3d85c53606adef7465,1
0xca52008eb8ba3efd6c069a272946cb206f947cd8,1
0xd27a53e268ddc758dad8f13cf2c217c428086bca,1
0xf73f3f426b14fb4f0f62e14429960f23f42e09ae,1
0xc76ec56cd15a7fc2ca7d1005710c06ac6e5b28f7,1
0x0df149648233704de9dcd6f51ef51c6e8d37072d,1
0xd35f84a9f82fbec2082b2b6c9afd20b4a8f7c959,1
0x44e84bb96968d341455796ef1f72b6348d8f5411,1
0xbc6d282ebb1d6e8915e95fb744d9805e4d7ea572,1
0x86fe9b4a3055994fb38175ef7bf3ecf88d0608d2,1
0xa0506d623ea4cce494f38c25b1ff47e823b120f9,1
0x1b59628a95a55e374b8ff4274b4e88372bae9484,1
0xbf44c636a4a4bbe257a87067b25c4c875170e04d,1
0x7083ca77ad912ebdb3dfb3c6acd76556f8d6a5d1,1
0x06c888f9d273dc38e962306e3b3ee590c776f7e9,1
0x93eb95dad68de034fef03da64ffb3a70df563a29,1
0xd080374f494682633934a6b10c062b619a98ff01,1
0x8efe0c9face897246a7b7c5274a32f1721b30fe8,1
0xa4b2f8d5876ecbf976d7e983c9c9b418b21e11ae,1
0xa8b64b87774c1b641daab89c9f938a30b71b497d,1
0xc449f005667bef849261b35accf931a4bace48fb,1
0x7b8405d2e5c06156c6336666a0d9029a6c3b1364,1
0x5498f6e2a58b767c3c89431cdb79a8c26adfa14c,1
0xa7e40b2aa3496ad3447217d9aff26514a7bc829e,1
0x652d7e1b706b10de0bfee179c1cc41df73d3ed34,1
0x9b921fad875b06183d3992a125026c89915d71f6,1
0x8eb514633f8fc1aee4b405f8165f3eeb42826f6d,1
0x63360384656e316a50317fbd36f3eba8b1bc30cd,1
0x30eaf1e4db6e830e112988b87a300c03c75cc566,1
0x2e08dab3417c6825f90c1fe07b5fa1b8753a9ca5,1
0x7d68c0abb48dae6e5fe24dd06446f6b1332dd2cf,1
0x8954482fc11809692183a03e07761cc1b55d6017,1
0x554ee647d41fc226ba337ca4fb4b71f7e712099b,1
0x780193b15b2db9b9f4846dcef7ebfb3e2b751a8a,1
0xcde0d729ec28b9f567db2170aeedc586ce6fed6f,1
0x78887448976b93443125cd9ec40a9485684c759b,1
0x32bdd37b01d8c99537a3af0e087458f805d3d2f7,1
0x76fb13f00cdbdd5eac8e2664cf14be791af87cb0,1
0xaad4210b800f14660ef4068029d428936ebd21fd,1
0x3d5ee44e4fafd6af43ee28269af157763d6d33d0,1
0x3956ff98921f92f02d3a07348883a3cb07681352,1
0x685f3daf3a7a58528de8dfef4814ff7598bbceda,1
0x6a15a0a92feb8078518c229634df3688c1d46f69,1
0x2d225886a42a5e4d1fc6ca53b497e604d174ab6d,1
0x7d39fa48a433aa853f7d14130d3dcd6a81b96a77,1
0xb07c70eccb3373e9108a436cc1028d2ec6312ebf,1
0x9eab4b2feed9483838d2e9b7c1ad407a18624df4,1
0x773d715200ab5c07f39db9772e3c83c48534a585,1
0x61166f389a70d84b0d95c606de3b29344ab00654,1
0x61240103d0ef3bf2b6f34513eaf8cdd96971e8d3,1
0x376ae03055a7a0a6f9a79476b2971eaf0f6e6f3e,1
0xe29bfd5761a18b5c3ac4a4271eb7fadd4c7fb942,1
0xfe917312344b4ed3283c5e142868cd3eaa782933,1
0x8bf2b644c73133899aceb3039ea79107db52cb62,1
0xf9cdbb069c160b44e76ead9b93360b4a551a42da,1
0x522f9800de64f7dc0244471a458116767369a17a,1
0xba671412b66993815826399549d18f2c357e336d,1
0x6f6d59ba19821dc81193a926199278275fcf84cb,1
0xa867126424924af383490bb3fb521de8f49fad0d,1
0x6b9bcb0b854d7c7430baa55167d367d28a8dbf1b,1
0x42f2d682d9cee89a98347768337938ed8d18c266,1
0xdb897d2dba51155735cfc39b79f3c47380efee6c,1
0xcfff9d4fc0dca2c94f02a1ccacb265fef9de7c37,1
0xf3df5c1ba015845bade343252d6dbeab1bbf209b,1
0x58b3492976b3273ee7d256ab8bf7f9338f3b37fa,1
0x248388148ad1fdd1d4f97f7bf79ec271f4a621d1,1
0xa5bd06a4722acd345b0bf872a0780f1e1db33a6d,1
0x90bb8f4cbeee43a6c1f6bfb492cf53a35de4352f,1
0x3bf4d4c0b1890028c158ae3495af5dc75340e22e,1
0xc5ed0799c911bf8147680756825725eb038451c8,1
0x81230b3b2597ed8a4c21b19477ae0f6c4856e28d,1
0x675ed38908ce7531f9a0c81313c635a3e2672f1d,1
0x0794167f4a3c992790b09c7b020f3435ee94d155,1
0xda3863583c9fcd8a5d3506d91aaf33157124d1d1,1
0x3cf44af54009613a62a541124ad67876e9e69c61,1
0x72748e770f89fc00ba3661dffc40552fa07719ec,1
0xf3a533362b4039cf1634266935c17c0177a061ae,1
0xac9ed11e7420cc048f796e66a449d463793f40f1,1
0xa1b32581ec3bb4c85f47806bfa8566ae08989870,1
0x05703795b917a39be3dcd3b5cddc1d3c42a8107f,1
0x883ce32e186c69559e94c8ba276bfc4322fc194a,1
0x64ced50a327703b5ba13f781e23b254416b82473,1
0xb576690181b482427dbaac8da0dd5dd7b66a20f9,1
0xfaa3d6b9c564901468b9e0da4c346f63926192b9,1
0x1e4cbf6d1d1d62316ae42bf2cc7942dbe0a1889b,1
0x0f0ef9408ca5b0dc364ff5921bf544c811e9c94e,1
0xbbd0699184259cc130d5320d66aaefd35025ea16,1
0x44c616d081e728189d2c1afa794bbc8dc0972837,1
0x2355a3007f75e9f5f96070f6ba1345a22a8ca1d3,1
0x1423d7ba74817a2617fa3e69b609a54e4daf6f79,1
0x58f8f8a6c81cec8b2fd3a3999b4ed0a0b2862a6d,1
0x9be353a221c4f3762092f44896054bd071b1481d,1
0x720ff4cc224b2d3f0cbb06834d6b595e6c3be84c,1
0x7792bf1ab8bbfc74078afac293acbef2e00f8625,1
0x68cb9d174377427182592a078f6a81d0f0d5df0d,1
0xe8c4156a19951deff3203f116fc63274da746baa,1
0x1c2ea5a58d54914e06bee9932f5acd0a622930e8,1
0xb39767c3bcca52417d183f54f06737bd6ed207d0,1
0xf27fb1b516b5c016644de3064ef5e7720a980e37,1
0x7ca6b4645b71f874a35bec18f0e997e51d8d815c,1
0x1ad4fb4852d257987fd43613febe787f5535af47,1
0x0e67ce7da06875ec116654bdbea4727e5fa49d47,1
0x7d462af7fb6aa7b5b91fd5ca5bdabb7fd6124b26,1
0xbaed495c854f5e597ecc6151b65dbad260dca587,1
0xadb02d3da1566b8970c73d34e6efced87fae5981,1
0xd526ebc929877963ee14e984fdb1d63b0fc2a096,1
0xd5cf4a9cab0f168bacce07e2c90f7ac107e47d5b,1
0x00baeaa84510584a6e4624964b75321ddb6766cc,1
0xd9ea1d79c21722ed93e5f2fe6c1ae5f013d03d00,1
0x3c823ad9c1404148d8b85d6d5211fe68d0028c8a,1
0x6f3a349df0dc8e88263a1ebdeb59a31be094fb88,1
0x4f0901b739ecb3c3235d59b9eb5833ae6ba619f3,1
0xd4d3c85017cbcf26ca6c89ab5767227d7777196a,1
0xac707ee01a605bfc712536d703e5e790357c48e5,1
0x4dc2e00c88b8c9e3c2bf090d7854770640daf27f,1
0x2c90d7a5e09dbfe0c017ed2106b428fca7686c62,1
0x9b16cc7f4ae8c718d630fe6fe474b85d2a0cbac3,1
0x37e19cffe93041405c03321a2d1168317ee4a050,1
0x762494a4d00d28d8a95f0935b0934fd9bcd69528,1
0xa5fc9436df21125e88a2f73089bd17dbafe46e74,1
0x05b99f8f59d67b5e7b1dea82b1370cab65ed91b9,1
0xbaca8a4528ce21edd8d3ff46220151427868653a,1
0xc3e5337970ebeff1853bdfb706d0d70436247631,1
0xb9552a89286e7b3feaf7a5048873aa770f7906d0,1
0x51e957a31b37b7d213922146e8cfd095c3013f71,1
0x8bdd94ae16ba2bcc172dd5b66666c58abd1dc568,1
0xdd166431d09f9ef7942dbeb12de6c4f2555d304c,1
0xe5050e39addf3475f0d7ebb17c6bde117f0590e2,1
0xc5ff9bb746a3e54f72853db38e81522df7d40680,1
0x99cf7f47d3ad5e03013ac5742ee61ce0137f389c,1
0x9edd069accf979f744ce3fbbebf54507ead29a21,1
0x9c844663e064b946d7bccbbd3c16aa6d16241ae9,1
0x089d3d1a1d25f565bc556d7f10b0fb35ddfd2ce4,1
0x9655667ca1203e9a2c8ea2ed59558f9ad0accc87,1
0x26773472e4440415a5fe4252b671cdc59fcadbe9,1
0x137e55cb175573765bd0ccbe84656551384a6112,1
0xf474e475fc675a37075ce0d9d5b4367d54c4d8fe,1
0x0e6c79ce2cd7f3ab2a2d512979974a4a7707ffa4,1
0x244474fbcc4a68b4dc8ba70c6533f0afaedcdf61,1
0x968a9e8b72205c76c6b2a0701e58bc7165f7bba6,1
0x698b7dcb16b624f104b37a2578acaede89f37fc9,1
0x9d272dbe471a11b1c0f819375f9d8875f91c72b1,1
0x094ce175d880a7fbff2cd01382f8fa1a172b734c,1
0x6b8f5e3aa817dac35d211342819fc60d99e5f0fe,1
0x89bb71d271e19b3309f817b48be7a4c46435079e,1
0x2cd03d3ce4c5ec075f259ccc85d19706a9090dcc,1
0xed35a41508fc8cd2be39de2ae13aa72702393a38,1
0xa698cade532bf7491f0f887284f8e10e2de97198,1
0xda22ecb2897040eb15da2a98765446ee07fdcc81,1
0xf6c5a843ab50e77bbeed76dd40ad7b2e932a2b79,1
0xb8d7b841dc9fd0e16fdebaafe163d46eb3ba0415,1
0xa6c777d5619cff3943ef7aca0b40a8751a2620d3,1
0xbf7a23a47cb36f4bbb84912227a0db2470b815ed,1
0xbf98fb88344f74a9a94629d6ae9988055d1ceb76,1
0xf64932b6002fd2a465a72564d80422f762aaa566,1
0xe2601273be4c89a729a3fe0af4bd6503bb20c27c,1
0xb7edc97386c4889e70a28e469e9be078ee08cf43,1
0xdfefbc7c5f2ec0313734eca58bc1fb17210bd34b,1
0x5a88de603547f7ebb549f6412a7bc6af8cb40757,1
0xd2cb3ccc522b5d36a20334d101791eb3c3384281,1
0x0beda5116cd204c428379b5d852dadc04f3bc384,1
0x3135d041d207a3c3c4edfeba5cd1956439b5de38,1
0xbc6bccedd927bc51c128c9355da735869a5dc280,1
0xa4aaa9773974878c0a28b76c34d091eb36fd3fa9,1
0x0e8397856f6107e38e2d8fbea046bd3047cfefa1,1
0xbc0f2d20d79a499b069d269f5bf300997eb90ba4,1
0x6278e4fe0e4670eac88014d6326f079b4d02d73c,1
0x3fbb61bedaea1c12430e6ee6d5ec62ab23a4678b,1
0x57798ea2de5e864959a3f00a12f9224147edf7c8,1
0xa92e794e2b196e612a59b9b5c5051e1888fd7b24,1
0xc74fe643cb0a42f93ba085afdd5a5e77cb2b540a,1
0x3addc2ce68d7f94af141a3bbcb86aaca1ec4494f,1
0xe7811da743bb6cce0c49e1d362b2e9120360a373,1
0xcefb3ff344a0680b59896d8f273c473184c69281,1
0x1a6e6fbc1f140a2055ef9725a119c74a824fadb6,1
0x7a1ded92fe8f054e7ca7123a6e11b09d6fd7323f,1
0x39321c698a5cdea6f041dbc384b7a4181e1a535a,1
0x8af60da4e29007eb55b366e89b6c8ec7a64ecc8d,1
0xee819d8c6d914f5c7a217d1b1cef88056da786f2,1
0x5d9431fcd504d116ba2e636a1e0c364ce874b0c0,1
0x4b03e0fc0cc982adc25e04bbf2d549fb53991fc5,1
0xe4a718104474da81790a305bcec5cf98c0359a10,1
0x63141638f37c77e4ad0189b76d02607a0c80a1e7,1
0xecbae8675df371a11724684aff5f81fff53db5a9,1
0x9928bb679a7159421dcb634ab155b98a53dff4bb,1
0x521ee6589c870aea565671a759f9b95cbf7f44e0,1
0xaf8c805a51ae53c3247bd6fe571a1c9aca3a2584,1
0xc9a1a9caaa608dd3a7bb90b5f16b4a0991095aef,1
0xacf5a4c1a6e990f72409da5c26a0e8a352cdbdf0,1
0x0d89b6d9e03caeb4ead90445b8f9851bff3b8454,1
0xa1ef5ac40d7ea6de39faef3cda7bdd82e09240d6,1
0x3c986de3cddb6367730aa321771a38a29232b3e7,1
0xe7f4fb77920dc6ce633bd90544cfc3c4288135b9,1
0x7d5300e22db1b2850da1beed10a894893731c1a7,1
0x10d34e1108d3f68352251e81cf44195f1e05e38c,1
0x3d22c20c02de2cddc7d88db21662ce9cbe1a1337,1
0x72fef1abced43b44e2c838f68b785fc7028fb2c0,1
0x04d553053e186e4d58861a5bf3b7075fd904c6d0,1
0x2d037f66b9e0ede90c2080558a7d3ff7be36e9a1,1
0x6d7d35f5fcec993e3e87f04cc3b57ecee7a5e6b1,1
0xcd38ebb19044c07662c0569e3d4a5e5dfda1b9fc,1
0xc3af7fe243d42347b88a5a519630ccf26da2ae43,1
0x1504b3a34546a04dea5bdb88c99564f7d09207f9,1
0xd3cbf8645d8f28f6758504b0cf2ab4206c5dd7cc,1
0xeb83e695adcac2e83f290d2d2815fc58e6491d7a,1
0x3b0b262b187001522c34edcafc378500133ab230,1
0x66b2b05af3a4d1c0f402f14b1ce6340a76ea7568,1
0x0329db0ddc11dc44ec36780b8b4f896b39f20c2d,1
0x2cf0bb6d1cc1a7296ad0da0adfdf74074844a588,1
0x59a5493513ba2378ed57ae5ecfb8a027e9d80365,1
0x71784687d4c74338bf284bea22956c74fbe6d631,1
0x1b9958603165ebbb2b261abe87b771278d4eee19,1
0xea05f13196bd437b92c682a86620f58b0f673cec,1
0x443d9c79197816a1657a23b915f0248fdfbc94c4,1
0x197b380ac62fa4785067cf7257c05f052776039a,1
0xf97c5df40558dbd9105e40d35ea2ac0fa314982b,1
0x10e1ad76a22ac47db5fb1ccaea17c39d6a1e0b82,1
0x7561e8cbc40c94430f15589ea2dc2ce823c0a963,1
0xf8c99cb131c793bf563794738e9f16b25fcb6781,1
0x25a6a662aa143ab46b71a50908dd8a74ea56cab6,1
0xfe8d20875245dead7db7120ce7335fe5f28c4874,1
0x7193a5e5dc30b70dc5e434ba2144ae76e33c3eab,1
0x89a23497d3091d3f6664cc185918f1831c91f4dd,1
0x8ec2f31fcb64c018909f10a8d6c5756c5a3c3ab7,1
0x3dc3be0a9278028fde0e3ff65c6154e2e36dee9d,1
0x81590c16b9d1495d133cf881acf5cc0b56730b74,1
0xd2839e6d35efae479bcc932fe2779f97a24177af,1
0x04d8413a2e59c355cd2be59ba022dd0deb8fcd9a,1
0x54a222feba0c5f0be95bc7979e38fc3847827d28,1
0x3b53073065a6faead45b7c10549ef01ee67a94c3,1
0xf3fbb2c0a711529ef9b81fe59a5ef5b8f1e0eb27,1
0x391874c0ac91b5569b5373dd10969350b956c398,1
0x3a4768e9760654650a1f3d2ce385aa96033e8c82,1
0xc3956f9e14e62bfe00672ac5a4b5d11f84d8b5b2,1
0xf49ec27f278295b94d7c3badaaa954f0af278fe0,1
0x80311d7511c8e65cb8b897be6e403de4a67eaa61,1
0xf071f949b2ea482b176173135921a7965b302368,1
0x36d77e6773d7cc278d8be2b18a1b416a8d3de6d8,1
0x8b3b6309f228177c2ae5f61a8cf6e1af84aefa66,1
0xbf9d462c9c6880d44001bcb8ca4a38a351d583d3,1
0x843e5a575fa950056a890861df920f7f8ebfd4e7,1
0x5a5936a4552382a900a3669665f11472f6a38a57,1
0x2c444cb512186a9bea6468d953d3ce75ddbb845b,1
0x22a5456b6f82e14bed5bf182812085fe44621e62,1
0xaf37d6b9bfe0f5e4954ba1f2d0734aac32b2ae34,1
0xea72fbceda4e851c9171a6b57a287ef986344efc,1
0x009f284bb658c55d292904ee733c50827dbb8e5a,1
0x92730185034d49ce10f0b0670f2ee3857415f178,1
0xc57058197550b03460fba4f0c4754db451917a42,1
0xd939fe2e4776ccaddb823a26eacb45c66d8ad5e9,1
0x418bee1f71a547a370eca0c8a98b622870c5682c,1
0x751f655ff4fbd7dd77f12e0f9ed5d0075cba1b5f,1
0xe55de13319ed4de98f740ba608ca49d27a420982,1
0x6177adacfde59c3ace55356250b6504488ac513d,1
0xb33fb83c645ac2a12b138636fe59604312092484,1
0x61e193e514de408f57a648a641d9fcd412cded82,1
0x095283c4a52252599e45e89629819013512fb4ad,1
0x78d9f7747bfb3b06e10e2fa7a99c0209955eda1b,1
0x1b1405f6dc51121a63c71e9d7282c221d84dccfe,1
0x71a0496f59c0e2bb91e48bedd97dc233fe76319f,1
0x8993801b6afc20cfeb9d2c0a354e154cd1d79d80,1
0xfc681305295ae89991d3aac5c444fb6d96b3ffae,1
0x9bafb60dcc082e472b6a45eea5a6c4775d53fc86,1
0xed8e0580629d079fb5242e4dedfea3687b685527,1
0xa3861a789d05597bc046e8e6d5e10ecde947569f,1
0x872dfa67e260fedcaf5c4b410d47b587b5a71e82,1
0x67f9960a1ce533c90ebbdfcac29c2d0ec322e030,1
0x920af9763ac18429f36c92727056d3606e4921d5,1
0xc4a72063c03e77893b2f0181ffd22b34cab170fd,1
0xe32bc18714ff146cf7ae083baec5271c0c525650,1
0x27e121bfb21f631496ad5b9783d049facbdd411e,1
0x938a0af4b86057489bc651dd02c080890d8ed5e5,1
0x786c9ad06d8da4663a837ca89d3db1f5f8a326ed,1
0x6cbf3237a7ac22561f1a6fbe433891a2c10fb41a,1
0xb92c8c16ede4649b6ea6015beaf2f34973dbbd44,1
0x315d2c908f72a8d76f68e152699a1b407b557397,1
0x2618b2d51bf070beff2f488b46ecd76cfb99f03f,1
0xbffb4e94d9de289fc7623ff4f65a45a4d442ddf1,1
0xc2fa34a6fcb085f5e0295f233fae7fc90fbafe85,1
0x8c2dabfea8751dd7901e35a015dc6c943ffa0d7c,1
0xd5769b58eba41b7381b3d35838987ebf09516f74,1
0x44f829ccbdc9c15ca84d4fd3f00c4682c35f228e,1
0x2debdf4427ccbcfdbc7f29d63964499a0ec184f6,1
0xad319a7290a40ce1358f031b692a0cea5826b557,1
0x91b26fffffb325e13f1ef592b0933696098044af,1
0xa16ce88f9f702d390244ce016f9416b23c9c3027,1
0x98dc82470cd96449eff7a21837644e8a0b83f40e,1
0xd940d9a6f3654f35d49d9f1b5213748ef0c4819e,1
0x41d94908380f6c192e71394988c455b0511ff3ec,1
0x23fed2634fdc629c1a82eb6ed3391efad2a58670,1
0x5a381564aeda17faf048d0eba3ad7e7015463f78,1
0x7674a62ad59b4b499630a786de6de0fc2f48f036,1
0x2dc58f7cb47b5bc558b6b0d80a03a921156ba4fc,1
0x7a24e9d8c0dac537bf29bfdd4939345fc6c6d195,1
0x8754e1ed406a72f8deca5b4c9654ad2db698ba83,1
0x1513f6d3e5468a3a7c4f6b26ffd123cf0dbe4893,1
0xbdc29767d8bc6dd6b08d64d74c8ecf11b3f5ccf4,1
0x6c349c487ee835f00b604a09967a523b4824707d,1
0x8c87bd926981e151b4d99ed59c772b80629e5261,1
0xd7a009d6ebb42a31e2c13e7d5dd1c63b4cd4e5cd,1
0xa8174abc36b3298356d273e512cd87223a2b3ffa,1
0xe4347d34d8c0c941926e84b56cb9dfcbcf4154fa,1
0xa58714c5884f5e217df9583d1f8151826e938b02,1
0xdc76cd25977e0a5ae17155770273ad58648900d3,1
0xe1268b49d3e4e559f466239df4bee1d5cae04356,1
0x1359f86283c894195f604ba5c0cbc5d8ec85ab25,1
0x973231cf471f768f0939042e0591da1b15f4799f,1
0x3cc21b066017f90c8245b90cfda5187df10be1b5,1
0x2a3438a9af1fba7b5e63a6f333fe296ef749067e,1
0xd98009d2d013c74d3ffdbdcab3494d0e8f8bbaae,1
0xfaf1345b95a606f44e392536d864a5960cd4df23,1
0xaa63c8d95f19c60655e41c1f0f3d309ce9d7c46c,1
0x1e2eb50a5ff17b4d2e143474206df72350375b22,1
0x8c4138dcead987bb50929ecfbeb39ef3e28b4c76,1
0xb03d065b057048065e84ac5120a6a499441cab80,1
0xf181990c06ce731a418aba46ed95db26f7fba9eb,1
0x3ae8d9ba72848bf5356f8cc56450532c9bbaf9fc,1
0xeb665a2a0e720c7bf8e4251dda40047cfb81a307,1
0xf012b5afd31d8aa22b3b97740e41731e3e30f7d8,1
0x3090fb16a6fcf9f85a8d55b710958227154f5083,1
0x01034f04d8b9d54d697e74ff65fe5dc04462468f,1
0x632928ca3558e615524bdc6f5eeb2efa505ff70b,1
0xb55c4e232db58434d152eb72ff839236802b0311,1
0xa9fa30013ef07897230907502efe799c9f91c109,1
0xc611376086b5152a78070d89290d0a21e8d17c17,1
0x79fdbef5ce6d2302db090cb75de318d2c3edccee,1
0xe06b24ebd56726a44e8c7f888dd185e9175d169d,1
0x6945590e2cd384621bdb463983d0d1ee1aa82387,1
0xd8a87ef6a7179c6bcc617eb32c3462ed7eb9e1cd,1
0x3030b2a5bfb7512972cc51f9389188608ed867f7,1
0xcdad921adb5c713a0247ac54d2d2407c721f464b,1
0x1b5dc7f6a12471bd4f6f584e648edd8fcde50512,1
0x0400ad7432b46d22aaa70a1cae09d22ac600c8f4,1
0x03abc3de5f7c23d9065cc5610e6496d72208357a,1
0x8f3ddf567bff663d61a12a5d5f42f2e6f220f89c,1
0x5972115498096052e3f3165ad7788d49935a6c6d,1
0x850daf4b914e46eede0cb09de538180bbea32a6d,1
0x46b249da04697c801cd592030f6ef81f9433398f,1
0x67a3a43a55bd9cbfa5d696a7ef2d57e9e0869fdd,1
0x917aa1fe4ee8154ce8c4eeb8f4768ba615245799,1
0xcf8e055fb098c1f376a65d5184c4b2e08998896c,1
0x2b3f8bec92fa0d34637f42ed865917aded146fef,1
0x62247532f72dce05d7bca9f1a6d778c91a00054c,1
0x5a2b7964b5d7c71fb502abe009472984be92691c,1
0x47110ef346dfa4da0f0ef6ece047632e2d7c771b,1
0x47a6452c0adb81c0851a92609e577458807212d3,1
0x50b88f3f1ea8948731c6af4c0ebfdef1beccd6fa,1
0x5546fecb516d0a342107a5324666b07f73bbf707,1
0xb6461bf5223dfe357745895ef4473024e9dc2e20,1
0x93a635440f2d8e303177f033b56408ca03e746c5,1
0x55157ce961289be90889ebcd7a0494b438a1ff6d,1
0x71cb0bbb26b37e30148203d05ec34ce88fe5c899,1
0x5bde8617caed158deeff58cb9c66336a21ad65de,1
0xe63586f0ebe319d338b60487243021be9bc596d0,1
0xa2656e2e426fdeb7a53b0432aa2d225c4f370de0,1
0x1bb1aec6bcf7f4866a7e7c8a5387f67c083fe921,1
0x926a17798c205d649761b8c04a45a7db9f7aab15,1
0xe528a20d063dfe6c50956eea294bba1ddac26423,1
0xb0f96a681e2e1bcbf40f99f0e48b8f3108089cb2,1
0x3bbe5768336be5787d2f6d40f7ae673b4c654ce3,1
0x96d3b7f663ed680f316781680464045f3458440b,1
0x1012270925a4f629b2f6e006a2416d855c6a2444,1
0xdeab3f7094a77199ae670316976654c17fea35d6,1
0x7ba876b2019fcddcbf5087c5c0c2f623f79e6b1f,1
0x5ee1d9f8ef343ed9bfca83b7213c9b384fafc4c7,1
0xe6e4d92009406d08851c2e65ce6dd324ad76a87e,1
0x0231ebdb3dc5fd302c3b7b8e4d9056ba32be79f3,1
0x2b5faeffc4b8770144c29805de1f87fefa7e3156,1
0x1fac6f9734ca8454d4b0dc4dbe7d802275152d28,1
0x7df8936a09c25e03a995d5c4ac1fe79be422745a,1
0x26631dc0506a8451646f7fdda599141f07273205,1
0xfb36a825ffa74200132aa44148eb4a9bf0bd919a,1
0x42787493ee574536e89bd08d91663e5cd75832ae,1
0xa00bbf3f9272329710a36fe3f47cb053e377cdd3,1
0xe2cacedac44bd674d9c5e816422cbd603db9cc1c,1
0xbc1e0021f9d22582b34b584b8516dff417e7ab71,1
0xcb4656e3e6826a00f571b82e0f0eb00d8bbe9efa,1
0x347f763929840a5dd450784d5a771eeeda7808a2,1
0xe4db07d640eda94732321345693ba150e62ce79d,1
0x9b5f50146a361f82b1fedf63c5d04d4918a730c3,1
0x3be58fe702ea3239ef6979b48087aa0e3f9d7ecf,1
0xabe27ac41dd179035fcca93f735cb4dab9ba5b7a,1
0xce1eb9636c412245c92352d6fdfeca9f97a89a4a,1
0x5c3e0ee3a1cce960a254eee41baec09b0606c309,1
0xca87c9878c7b68c62c575cbb85f9c82d0ca24d75,1
0x01d1cc95f80849a4564c9dae114255dba06a8d35,1
0xf4fd230e3a0c4bb518185880290bb6131e019e31,1
0x6232ccf5046b49fc531a4fe80e28d5887354c4b4,1
0xc4d4125c83d1108df969dda998227fca80fd82dc,1
0x57f138b1e9c859151533f4dba90891eb4971d319,1
0xceaf18184db328fe48a871f53b40f80f5540a94a,1
0x9893117455cf1e8ac3e58e41c5885ad5adb1c9ff,1
0x087e14b18e87367a7cc58f04989d749b8a0e71a1,1
0x7f32973cfdef197e56cb5ddd2c9412505a629c92,1
0x5f747cf7aa9e03dc2bfed25fa8cce89bf06488b8,1
0x95f4b329e61e7158e19e0a157753f748ab0025c8,1
0x25d50ce5c3c2962b1eb22963070432c8ace816b0,1
0x3c2550ddb9294c21d209999bdaa15f8249d0c161,1
0x504d1df096b1b19e8d29f08fcc231df6ede9d545,1
0x585b7059e89da5eedb4d533c31961bf4708afc9e,1
0x2db0763686a3e10083b57435c0c8a1049ea66d10,1
0xc4f370c6d3164a56971692362a9e488c0992a29d,1
0xbffec59f5e85f37af43a872dbeb641cd18921f04,1
0x824ae3bfe2771151db8c7b7defb96a9f67695ade,1
0x8f5c1e85e70590cf8500b878da27cd1051b783a7,1
0x287b1574aff39811c0b38fa24aafa7f0dfc1dbd1,1
0xb451f2e4e0ee68a72b76c15ef50102fb127ab2be,1
0x93549cf8047b3e305fb10df7110da213e9429f9c,1
0x2017a71c9acb99dc8797aa559d8f879081b9f904,1
0x3433faf996a75d642a1e8dc82b8d70381e252881,1
0x4fde6eaa7c93fbd0f084b915ea0a51b68166320d,1
0x822f229bf739d7489b1c2dfac25e627a68ede599,1
0x15a33852846b4762d71a62928aa7c64d8aac8544,1
0xedee787397c92d647124389634fc53fa938e765f,1
0x52edaadb86ca9a7b9647a6ed257509c3e203bd66,1
0x6266db517a8d1e2b4c61ecb48cde4d05a5e44990,1
0x9e175101522a47aa9f79669994419f52f5d629f1,1
0x864298c823925036dae6976e03d2b2a59053f12c,1
0x450844ab03c3c9aef4e81aa785f6730decc2fa64,1
0x01dd451ebd199aa835da8e31d9a321d0921dc26c,1
0x830cc132dd66f6491ceaa20206f398247143d9cf,1
0xb53349160e38739b37e4bbfcf950ed26e26fcb41,1
0x4dffede9b8cf0eb21f277cc21d10d5e7302f2399,1
0xe4e75d7df7fe0cfdfac5fa0c1e4eb184d5ef614c,1
0x880f450841e67c786ad3b0b3644b26d2680b7c8c,1
0xb40f68ae2afa5ff105a57e1e08239a51dd0962c4,1
0x5120199e7bf0992b4094e360c85789ae6185f665,1
0xc0bcbc0a91cd42e4808faf190e0ad6e9a6c027cc,1
0x0471e9569afb0c3a46924100e0110c1cc625bd0a,1
0x4eeff24a46976bfaa8079e06993b46a3accb15e7,1
0x6c04e6014067a014a98a5590fe122c666a22a4e7,1
0x307fa253ab864cbf57483415909b37c36df3b8c8,1
0x74a228c2e1f7d8f4b0a336bc024021853da8a696,1
0x39d725ca6d9a84926597f3d4e887101eee3b7b13,1
0x59514026c0dc3e157317f3ad4779b01d0bedefde,1
0xcd9235d7d42f3879afaf5df0a5f794bc3ace55b4,1
0xe746aa19a16177b1ba3400c2f6dba3b02443bb05,1
0x17f4d9e092d23d81860d8950c18fdf1dcce75232,1
0xdd6b2e29a152f2034d6f8bfbe7ce9eb0fc69cef6,1
0x711c9768170cfefdf1873b398c23105720e6a015,1
0xc896866e927e6f8a416ba209976115e79fa0a66f,1
0x47e255bf1ae9040151774d307c9e01d12da71d57,1
0x9f83a2a2b6e0b11a24dfa39817dd248475174a83,1
0x26088bd0575c0ac94946fb8dfa0b240c42283e42,1
0xbe39ad6d10802b6ac0943eab3e6c6b1884a054c4,1
0x4536bbf27aee5915821d790d72a96bf2cd58aaca,1
0x524eb078f5636105b75577f73006fc0ca2b2f95e,1
0x17b9f89af8f665a736c486190443b5acb3793d6d,1
0xbbc6d8744076640b0af984aa0d42896eb777b7a5,1
0xed3d302285c8830c3d4b6a01dfd9bfda7e2ea26c,1
0x70e3c8cad61e0850f553db3646123007b26a026e,1
0x70f867254df37dbe4f516a4e6d279a92618eeb0d,1
0x970324b1ea88c20a2f7e6c557409cd91222409b6,1
0x4155ab641b6c36be6822704e82b2b3b5d7e55778,1
0x5d3dd154c5e582b1b1ac90ebb0c05744038e32e0,1
0xa891fde42e982148b5f2f6b06f04be8e706a190e,1
0x61c888e1aeb86420d7ccb15705fa192d19fbf363,1
0xe3f6a0ff75fe1d0e0ab66dea3d6143becf6fb670,1
0xdbcf7f6441797e5351d300b2b20d8a754b2a888f,1
0x3ce53518159c99c7f47dcbc0426fe375f824b945,1
0x79d1dd0770fec45768a285da42c2521603c9b91c,1
0x21f63fec716869f726d309cd7cb65a1370463f65,1
0x2d0d4ddef651cf0e3e0a6bcb373eaf5acd68ccc1,1
0xbf80babfe5d4a4ea479482346432241cd4115506,1
0x222a20e5dca0681c577b132eb27b2fe4559bb55b,1
0x9337a9c93a43b4aea78ee9dfafe93e5118c79451,1
0x024a88896b6a85bdacb2de0f23e7fdfca7091f5c,1
0x9bc66bb0f94a38e55809dcf7eadfd6bf98d6e184,2
0xe6367b85401b4a5ba39248fb8a87a3e542ae088b,1
0xb320c1724b25edaf4a0f23471da5c31147e873cf,1
0x40a193b9e3d9aec65bfcc78ced05d7d30d93bc13,1
0xcc811ad1fd46ff65df9e6c6dc0181874e9957707,1
0x42548a143764550be44273dffb098103625fd965,1
0x4536034e4412e42a0470a6143df01206e30c5995,1
0x9baf2d175fc6d5c7f1490069c2db6cb2d9525363,1
0xd5fe5c1a6e0f0684be90cd6fc8cee102edfaf92f,1
0x289d545e52b97524278f94672d2be8c44eb3f369,1
0x40962b448aa899196906646340cb4eb61a8d49b4,1
0x6368ce2750325f5002587c70c8bc298b4df61eba,1
0x2f0973c8356e7fda0716b000f77010b111ce045e,1
0xa7b32f0c55bfe631a9470a6b3312a6685ffd9f45,1
0x3db28e19b63cb8b3c257d37f56bf0455faf11e0b,1
0x8cd03f8c50d1f963bb19bd7c27a4e984426c8007,1
0x9a76e59aef049edcc388f0a31b858bc90bc56162,1
0x325d60dca53b0d93d57ca2012ff315f0114d7267,1
0x8f06975b0c3cc46087134339fb22ee2d46d2106d,1
0x83e8708aba59195bbb2c7fcaa83af1c536d37b25,1
0x28f3903fc90ebf184d2763af2d7db321f2fecab3,1
0xd24a2f1feae9d9af52fd7e0f85f20190e85a1fc1,1
0x722e2e4c15be1fdded3c86f4100bc32b181827f5,1
0xa422bfff5daba6eeefaff84debf609edf0868c5f,1
0x230d0096d6a60c6fdaa65b6d0370a6ba2b96fbea,1
0x77d25628e427bc4596c1a9e0de6f562bf57a1768,1
0xdc2d5126c0147863e97e2a5c91553ac45ffa5374,1
0x2249f5016b1b7a306c5e98765bf94fd0a70d8b45,1
0x55994ba462b4345070d9ea6020dea879d32d059f,1
0x6a682375545982da6d5c926dc65e3a8d360720e2,1
0x6a33afbecc701f2eeeffb08c7cd42df0f51f16ac,1
0xd0f2b4436a280450290cf63490542befad404863,1
0xb44ee02a1a80ae1089501f0e16d7515e6ca19fff,1
0x5c0aa9d0da0fe51cfc63ed2ee8835a1209c38c26,1
0x562607a01a12e84a4abe025ac14ab1e36b76519f,1
0x1a0335b908dce97a4ed4f265f2b649a2133fcbba,1
0x1cf25f9c307c3b1048e9a4ba0bc5053a99386f62,1
0x4ccfb98b20c3f8cc57f747a465969cbd11860ab2,1
0xd1f55571cbb04139716a9a5076aa69626b6df009,1
0xbb34d08c67373e54f066e6e7e6c77846ff7d2714,1
0xc00b1fd8984cb568b451404074703c6a29bd91d0,1
0x8492d93fbd8cb147d2496cd75a2b0e30a81b8d4a,1
0xc8780bf4dc27a310ec708794b9f40553cc545da0,1
0x5d3a7dd3c522a690453bc72c752b73b24e54b9f1,1
0x0b6449dcadc6f84cb8b0ad76eb9615f3a9adf37d,1
0x0e66ebd413be5b4f82ef045f917da50a1324d223,1
0x5f3461b965b97e687db9001efac5dd250f30c0e0,1
0xb66f89259545c7a323832833e8ab467297329b75,1
0x39067aeb2a223685bc606bc94545e53015468eef,1
0x19285d3163255c6e5d225dec48d3a5b797f381b7,1
0x5bf6681a73a33a076c5569a4e729f41ae20bd901,1
0x1f26de38170502e1898083096ff114336827749f,1
0x49671901d05fabffe166b094f67e2acc59399431,1
0xd630b9fe9683b2e03735cab7b5df1a0a3c258636,1
0x97954789045bf067a33bbed388f8731e2c808468,1
0x3fd668561cdba0b33630df1c167dc4934db775d5,1
0x41cdf42b4d22b3edfea997a2f03f32b156b135a0,1
0xafa955f6b0f0b929382781cfe397de8ed033a555,1
0x7fc3dd768031af344ebd6cc27c449fa57a582917,1
0x9576638139843c636a0522f3bff3a85ac7b07172,1
0x656e08efe4fb1433781ffdca8411458ffd8575c1,1
0xddf14fa3e1bf3881cd6ec491f0ccf3d1389a78d4,1
0x82c09bfb5f206920539112194567973b25db4821,1
0xaf9ec6296b3fa072e72f41d2040a0d68ce2a2805,1
0xc385caee082bb0e900bccbbec8bb2fe650369ecb,1
0xadffc7ff3e937e3d7a34e989fac05fe06cd0fc99,1
0xe74207386ac0dc2091da54f39b617ee0720efb69,1
0x8dcde4ad41d913692bb02d0bfbb6a2f0905f6b11,1
0x15020cc98cc0752b85e6b87e0e6d1aec12a5d12f,1
0x96bebda13d5d706e41123f463d6d44f56ad493b8,1
0x3f3dac9bb1458b644be33718c447128e9b6a87e4,1
0xbdc765d81db7e0ca47fe6bf57e987966a2c204ac,1
0x1428f05a7f94d9228b2a78293c99b337d7d2af6a,1
0xd27fc8aee201ec6a35f3ae32c457d04c44965158,1
0x30607f2c34d2e847c41fee6b29c3301082031350,1
0x7500af1f7f829fa7a7fe4492e66b5bff5c05f3e1,1
0x4d38f1e3e9aee4dc8b323cbf41b2ebad5c245280,1
0xfe5573c66273313034f7ff6050c54b5402553716,1
0x1e4ce54629842c52b11ccde4ffe77a497aa42bf8,1
0x3b1311363bff7c9d43263a2f1c325753210d3327,1
0x9f18598d7efd3bc6ac7cf1bb12e8c779e6f196ee,1
0x6b9eb48af8d9d4ef58e3e37390f5cfdf6525f5dd,1
0xc5af7c22ce278cc5ffc008a59612d4db8bd14c7c,1
0x89cff61026f6743b8d25ae9b253582083136b1c4,1
0x2dbd479974967b8a0717d8b84c2172d8b26cdf44,1
0xe5f648ea98f17aa12acd59468643c62fbbf813eb,1
0x2911bb4af656677b277908a9f3b5c996e2e37580,1
0x712ad4f943be29670596f8f6b9d6485888edf9a9,1
0xd327c01dd4a10249cba328913684276698d4bfa5,1
0x7106e9b712fa396941a023186011ebbd7d0c201e,1
0x536cb7bfdb6b66ca30c7ed4a307762f194e05fd8,1
0x23e7441aaf7eef572370929971cab84e753579de,1
0xcaa95ef5bc0f724a76bd4ba66ddeb6d50da4d116,1
0x7937e14b74fcc147d0c27b5736fe65a83e40c85a,1
0x70f4a2ce11a2524b6686963a5de86e336ee56ebb,1
0xc82fc8b3de50b29705a85f912980ec476d0852b3,1
0xfb455150962853ec9130bfdc5707fcf9dab6b7a9,1
0x4b7d2248c009581923a98514daec10d50ff2e6c5,1
0x5caa9135d438e512780bd920fbce06a547bebb6e,1
0x1d60a03980bfa70c70b0c5c085f7f4034a1e3210,1
0xf5d272437a630f5455c67056a4e1d6c82f65d5c0,1
0x78e1cb2d917f89bb998c3e068b9da9ec5e2b0f90,1
0x2290f81330c51d712416ec074af282ba3a10ce3f,1
0xa36cbf2a4488e43a432a38807a7a4b1c21ea11b1,1
0xba83d8ef99b935b55deae87e9623b4c5d5baef88,1
0xc3df7d3ea6bc94cf674e22052a5d374ff08901bd,1
0xf2e21450c87701d95d289aca6eef297fa74e231c,1
0xac2318d4fbfb276b279f03d46942254b941bb345,1
0xfa45984fcdacbcb2135482f05e7cc024246ee0ba,1
0xa324f75f6d642b97b3f9172ab36c87e1e8aa48a4,1
0x4b46f1e241838a910945a3fac242ddf6f5d7c041,1
0x89a5b22ae44baacbd4490dee9f529d85a21437b7,1
0x315af25d5327efad431276997bc0df2fb838109f,1
0xca888337597ac67c0333de023f304fa79a622cfa,1
0x1d67c37ae619ff7e3f19727febf4438a180d5793,1
0xe9efb8bf023567849a00a87a62d3e4a4ee0e3342,1
0x5b4bb3c2bb6e2ec707cc39a86dd398c0a9f69add,1
0xb1308c5228864109cb519796a7ae4dbea9969592,1
0x284fdd26d51b2fba3db0eb36f40617cb11a6bccf,1
0xdd3adf8a817421dc7a7434c9cbb148601396ac44,1
0x0594ad5995af0c6107ae1c031eefebe3eae42c1e,1
0xd86057c793bdfb77bb11dcabfe054ee4fd86ebdd,1
0xfed473cd045563542414e31af846a43bf58fc59a,1
0x83b00f9858c3a11ceee2f3f55c3b3c523a3c9620,1
0x446b01c4d72ff31856363b121cf06361026e161d,1
0xa447faa9b4861a7e55a5100b774abe4184f0acb8,1
0xc6761b1e064eac2b6058f59fd0c4954ddcd1f513,1
0x61515e2f0aaa048eb1bbd72e0210825cd61aab5c,1
0x6d25c0fa070e625dac76b29bcf0917303cd52e7b,1
0xf5321850a731d785f500901ec5ca494f1876c262,1
0x52f051280e850f32cbfafd8d78c31edec4c3248c,1
0x97e1b40d44466d77d694f7c3ca31acb80ba9c0eb,1
0x685ba7a2b0551babc38df05bf63909cdff4f054c,1
0xbd9e3c2a38c7da91618a9936678c093e1867fed0,1
0x78941100d90c5b66b05b52e720549e8d33e89cdf,1
0x30f0f915a4752445cfeadfac0beb539fa1192b38,1
0x02ac3a098a3f8197a6d4a5e6fcd4114df6b3e490,1
0xbd1c32d2c3b3f600736d244c56806ddb5a190b8a,1
0xd95ca3bab3b2f9b3a0fb9c065546f7bc4bd5de0b,1
0x61fcb701b0670d6534266cea68ed51ef127c0c1b,1
0x48488c36c8643f6eeb13f6bcd5be8612918c6590,1
0x5d37431b1356d8cc54f3dd77657e566830d73186,1
0xfc0bcb2315629d03ebf10c291551355aee5cfcb6,1
0xd6b3b29d60b7308bb14c46b1f2f6200b88c743f2,1
0xc7cbf5e1a25d53b12f8ea53cd0b8ddd0c999e127,1
0x117dde66c2de2979ba4619d8d494fd20ffe96c2e,1
0xcfcfdcc985aa078e8b4e086c9355a3ed888197df,1
0x0cf7e52aafec849a4df31054168bc2b1a39bc316,1
0xf5731ba57f5648562d159e912cbc2e921c8cd5d5,1
0x11fa4f109a1601bd1afdb509b3bdb1e23fd6a675,1
0xd0fd6d1c05b15f5b141253f13855c86cc3e655b8,1
0x2fbd96729bbc8b02c3084583ada26fffc15278f1,1
0x42ca143584e8de7df35e6ae21502cc2c4e63ece8,1
0x29f1c3b3126c31b5232f1df4bb7825fc8f8d58af,1
0x5d86e77c2921c577ec0aad66a78b3faf8a3b66af,1
0xac7c12f4057076d547666700cfab976a12456774,1
0x73a80f56e3c82ec03734827d149c76086ca85420,1
0xe3fcb080f46ad0581b8ce75ba1873d61a26f6c1f,1
0xf837203e4fa9c139e41ff3241c434411930c1081,1
0x8cb382bf9c743e74937645e2f5a2459b65812fdb,1
0xc917ee63ea36765d63737d8baac564dc57c33b69,1
0x19f258959630311a21f4d279b6c41371d6389437,1
0x17f61a7fb9beb42cc00e767300b96441d25042ae,1
0xe376591652012958296193ce1dd13d5607071964,1
0xc5ef1c84ea5c570979da35eb7c068687d15709ee,1
0xfdbba0448ade7521d755fcc21e5e46a3f98deb2e,1
0x8036bb84031e60a1bac93078c0e59bbd5e485db9,1
0x01db485f57dc000e761b85641f78c9d212a2eeab,1
0xadaa3883ea4b4c3256197148f41637248feb9940,1
0x8507ef739bd4b7cc05d31dcedc67adb94c3c38e3,1
0x37a51dbd2ba793e42c69ba97a6710bc56e94b56c,1
0x9f3c44a7331ca9da2d3432bcb0df91186a27e3d7,1
0xc30e9fda779efe2081dae6529c0d07fc16769c8f,1
0x980e22587fc29d25cf2c82baa6933dc0f73c09c4,1
0xf3bca892960d23510917897b634ffd3124702bbb,1
0x5c21e2ca71209821b95a8182663a64569aa8f822,1
0xab0f8f971ea3263e14135a0d4705d6bc13c85ada,1
0x4faeb85b41468ac56640d0f2baf2241a242ee5cf,1
0x7fe04fbcbff289cab8b0f2bb305c945f2d36cc0b,1
0x3561364200e9d1c30bf5de4d75f2d97d3eab2441,1
0x934fd1f764eae2efd9222e9ec683a91db1adecf8,1
0x31a02440ec79306ca8f557d1ab1f5f7f85590676,1
0x70604bd577edf06d618d581d76e2fa88f8670a73,1
0xeccd4cc37ede429cb77d409782f5b7bfdbe172b5,1
0x9f885643734848acb417ea3afce0b7d1160d3561,1
0xb01b3a335db49192a31af43a88c458e5070ca5e1,1
0x73d05c2ea70dfc3b220444c94567dbc84bb0d24c,1
0x88d14d96aac4293b8b16aa53b379e80c96675ce4,1
0xa55048cc0369e412cf7db3d9bb30afb51d091a12,1
0x832e47e53df5c771be86a3e03b49cde53088b156,1
0x1f82cfcd6a494c4da544c5aaaf79bcc054d6d52b,1
0x76163cb574a5d9b08f24762ac6f1fbf33d20bb2f,1
0x8e059f6b103f7f92153c5430d998aa6829149e08,1
0xe971e45db57eb8ca8aa2bb2dc6604afd5ea1a1d6,1
0x53562e8ecee54356dc89ad263a444528b34d6c80,1
0x03e97a7fe5325a1fe2315a9ba00db9a0eef09928,1
0x4f5faba416f21e9302d469dde4e3519204e17a03,1
0x2a735fe81513cb5ae5ffd75497150eb12a65f98d,1
0x172a10897fefab6445372250cb2769cd34b1abab,1
0xcdb2961d0e2dab84d12b41d17b1ba7879201b6ea,1
0x2730fef18dcc74018439c70c9fbfc52b1d76fd3b,1
0x277f29e9abab8e9a3ce2f70f3ad713bc5436048d,1
0x3b3a01fc0dd12698f19959ed0d0d042b81ff13dd,1
0xfbbc953b46ae6ae37392999707f996a868d40f20,1
0x39af0fb4de184c1591b787b9537d8522860c3d4c,1
0x5489a663225fee3aa5bb8426f388bafa3ff3482c,1
0x161df6693a3faf54ae5ea6790cc43ef8bc68dc72,1
0x3c99c5157416d57db4ac590246bbf528211cf501,1
0x34c3a1a6a102dc8fab20a42a398acc34b22965de,1
0x720a4fab08cb746fc90e88d1924a98104c0822cf,1
0x087886a2aa1e263bd72eb67a365d268a3e13c85b,1
0x752bd1581c4b9bd8755ec99ff69b119a8e9e8dad,1
0xae613ecc449ddc84c9977130bd062455237d1f00,1
0x8e63e4376dde62cb82f5a91c4bce4156457dedb1,1
0x524cb61b52414a8413e6edec12891b11f71a711d,1
0x2f054c2f2c3497b96c66436fc006ebe096439be6,1
0x384973ce79c352ad766f56672babec85e897f234,1
0x3775669465352353f599f73586494747463f851b,1
0xf770e20248ec7cbe10d4e9090931171883d13136,1
0x3a661a18cb0258119636dfdde098648c6ad5ba62,1
0x5ad1592518eadc34a22263fe5e56c19c46ffab8b,1
0xc6d4b36751233d1c509bc94bdaaa8133b3a281f3,1
0x824b25b219b5de8dc30895d48a71534504a7f95c,1
0x8605fe4e3fd84ebf001a88c5264ecb3f98c76fb3,1
0xaea3e4bd4a5250ec413e31b95126f3f997493a8b,1
0xa31c35b347aac1b4110841da7179ca55e8029918,1
0x31e7bb24ac5e3684345514206d1f2fcdbfed557e,1
0x3ec7fc75cb0abf11d65a50f389061c3ff3463655,1
0x53855ac8c42dd61c6172234d24f88214db33af96,1
0x68d503ffd7659694f36ca8fbcce21fbb47490472,1
0xe0719af1123a4f6beff552d5fb963cb278ca1ae2,1
0xe2880a450f9c565e01a91e83cbdce2b695b7bc18,1
0x370ceca4fc1287ed99924bba76259f6c771a6022,1
0x7320dfa95fadd9bbc20bf8eca42587c44176e9a7,1
0x8ed4d3c67ee1a73f5df8ca3e10698f1cd4c5b14c,1
0x1246191c1bbcde42c1ee83e3745ba8ab37478827,1
0x23cd0c136f4bbfac9c23eebd97d5fcfaf1230582,1
0xc60dfd0638600eb84d8b6431c76dacc0968c0ca6,1
0x29c0f446b983d002a8d110aee7e904426da5327f,1
0xb98be1aba8ae2adef0daa18247273fa06021daae,1
0xb9cad3fa5b7beb0033ee8636c40c7c5755819af5,1
0x7546c60ae8d65dc6dd7a0f61c169818059ef49db,1
0x6f6d76c184b459673b79ec4dea24d3a4763b6e2b,1
0x2e3bd4e33281ec73b88233ab5f8b0e52a8d6f913,1
0x83c255e31afd0a79cd03809d36afb824fab0ad91,1
0x2ec8b02757df2a153f2665d09c88acc0f9a2c6c3,1
0x286cd2ff7ad1337baa783c345080e5af9bba0b6e,1
0xe2b658b05ceafcb0a95bdb53cece9c38d140b3ad,1
0xce53ac81029f5836ebc25d337fb6a12c6e5bd918,1
0x7e840de1d4987a189eda6440b9282edd452403d1,1
0x179504149c675376952500c65bd2f83052952541,1
0x5f2503f657371b05181bece5952474114029a5e0,1
0xe9d53246209e4cd87dbc5d1fee71f44bff89a611,1
0x55d647550ac4dee50e00edf13debee5404f4c452,1
0x4d8cb131e2835855e37eb277943f308054f4242f,1
0x492cb5303e72b35549d78e56e0b064a72bc0b07a,1
0xf45cb4d901541000a9513f422532bfcdf1612d2c,1
0xf54afc7f7690bd9d347508a67672acf37bff4b45,1
0xbd67fecb509dbcbd2216e5c60c63af8eb69225f4,1
0x39c885f14fae8ba96ca233abdb9c8368d0ebd8a8,1
0xa46425571f389ce2ae50e24cc7efaa074adb972f,1
0xeefbc827847d018d79095216674112eda4be2ec2,1
0xe974e75da812e3764dcc746c8fa82e25fb9f0627,1
0x3b846d4d8823fb12cc3694a2584c5c32057808c8,1
0x4fed7d0eb3bf1bf1ba69320962c81b132ad4474f,1
0xdad1d029d7ab8142beb1b882c9cad7c02da6a165,1
0x9cbd7d0a64c87a2561b4b8a4975f7a0e6d3a7903,1
0x20357eb5dc98da197c332d9fdd2a38ef58c91fb3,1
0x5467ce96b3d098ca2cf6ffd226c87f1929ee8507,1
0x6b4b60cd239b5b7947c98bb2b9bbd01db5bdf44c,1
0x3805e9b956aca92899ef0c6faa7dfad20b5c5dac,1
0xb5263dba4711cad665530424c09f2077c32cebbf,1
0x910ca5528ff6de3e72c7979ee2abc1a4400d77e4,1
0xf5851672ab7fc8729de7472dd273066b5e3b4de5,1
0x87a95295b64c1ea849e38c3849da60a40f4f7e76,1
0x00063ddb30be7bc2292583d5f143e9d6e6228440,1
0xb7eaa9ed973612ef3b767199197295ad38d6aca6,1
0xfa89030de25fe96df9573d4f78ef2fae1458ba86,1
0x32d3aa5df3203ac5613cd5b22c642929e3dae423,1
0x805c36f06e1f1233aa9617932431c425d5385abc,1
0x793a68e64214a1c4a0406a214874b60781320596,1
0xd57721b29f2a17ab6a0635210ce05dbbecf5cbf4,1
0xf7eb3d63816679f3b0d6a2f685f7a43f953afa8a,1
0x61fcfd41c9031e5af6300da75b25f5f83ca2d647,1
0xc2543fe877e3cef40ae489d247dc605ffac4399b,1
0xfd85a347ac93712c7a9371ed43f776515f9fc840,1
0x7577a232f7e33b15bbb0c0b3238995f499fbbbad,1
0x6ce9faa7d77291eb6495541be1e8adf28f9f04c1,1
0x4ff05543d3a53ce52da701fba2af11255f0a066c,1
0x1d19522c9278e523042d3b2fa506568fad01ac6a,1
0x8577243a29f7dd5780ab8843b00a2710ab410e87,1
0x1e05dcea408fa504707a17ddb4b28145e762b8e7,1
0xda4c79ccfdcbfa9128b1e328f77e5f9c6ad72a44,1
0x34f49d19462bca4169d66921312e2562f1502cef,1
0x66567f4ec7743e58713f44f083da3de78a52556a,1
0x768057610a07396e05046af01e7c9b912e4a81f3,1
0x7a31e37689852a9a747426c6ac573d43327a7483,1
0xe6b6ae90219713832ab18d61da61c9aecd7287fa,1
0x33a1a5fb1b4a3652c446b50bf4d15204c4d1be24,1
0x942250650daa1c2c3609fa3673f45e47f7f7a809,1
0xbd5eb52b30d061100145165d5e4586115f88fe8e,1
0x82faab046e03236a09cec632fea6f172f69e44e2,1
0x8bc303246b92b797cbd83e8527677402db2b2609,1
0x6a32300ecfc84accfa9a4e1200457ee4a22c7d3c,1
0xba0995c52474dfb7c48181f71454a63a2847982c,1
0xf75088b5870b134e350fd010e449dc4e004d81e2,1
0xbb6c4b3e0cf16e8e772fcb571901e432262de72f,1
0x6a474c30c9e503a5671132e4d7b8b20524571880,1
0x0aa78b747dfc137ef96b428951ebe32f9ac4efa3,1
0x52524f21eb713231df10792091b7e783c6a30ac4,1
0x039053b4674d12dcdfe69fadc25afdb0c17360e3,1
0x5f1db8d30744eed120fa29d7045a5d32e34c9724,1
0xe7d6af20bc878ca06258d0cc54fb9407db06e337,1
0xd60b8d278a98e068eaf3508e95cf1b0089961288,1
0xf356ffe40599eff010f67f76ed01d4e41aaea276,1
0x529096c3065d8a82355bc358e0f2af764c337a20,1
0xeb44f8ac5e0988a51448c472143a7555743e01a5,1
0x577ff1df8c33f95c6180bcd7b56251a9d1f3422c,1
0x6954ee7ede83ca555663704fe7e2b1528ff2c619,1
0xd95568957e1e37a88434d384dc66bfb906ac1ac0,1
0xdc7d0d897e1b7998c780d16b3c08482a74e71f33,1
0x739c6cd894603ddb5e974f597d49bf5ae72727fb,1
0xe1976fd4def8ef7a89ed3149239fd982daf6f892,1
0xb2985bf091fc2da21a13ef66e0210c803cea50eb,1
0xd64110f209e3f77580b72a96ba9be29517e41221,1
0x4938d68c208aa1f0a34798a4343c584c58d259cb,1
0x685403a926846d4fd11ab93b75d5fff5a7187190,1
0xaeace7f1deba36e5fa1ef9d8eed3e666183c1180,1
0x56577f982e2066fec566108f0a63f3d09555c6ca,1
0x167e05781fc728a22155019293fce4df335e782a,1
0xf7ba8d9c179483f683a8ba0cf4a5e1300a5f2b5c,1
0xc16e8f5ce96515e5ffdc198f23293d75b42c3266,1
0x885869cb03bfa16e2e21e0e0d1b64b8ae9374f4d,1
0xc98a513970f320b11ab408c12eef176292e227bf,1
0x480f517a6f86e71bd7529b8c5fe764e29eba017f,1
0x0eeb1b4854252fa5e1defbf4c441315e2abd279a,1
0xbe03ab0c13af2fd997b437425f0061c046f18f1a,1
0xb6dd2144ab7140c32af8f2ddbe9472a32e2ecddd,1
0xd8d63e6b1ecc791395e8bd9334d49b1b58eabe29,1
0x29b42b0c9c7ad2f487a7fade8999c749f872d025,1
0x0763e484268042be6e5743c731a7adf47a48ec19,1
0x49d18648e4aa35368a683c24881dc94225518751,1
0x9cfa606ecefa4666b982dfe0795752d041846488,1
0xb94f7ed85b83a65709557433df1c3c8f19f7c94f,1
0x048c61294f5152b8c507d0d366791656a632ea3c,1
0xf0d71654b23bf4db17ee2c7e0e96764df7b1f247,1
0x08bac1d3c16fe76edba4d41c600462069eee33aa,1
0xb40969f60bfa246a09593099dace2ddd543254a3,1
0x1e3b6cd74d67421f01c588ca0a22809dc34a4c13,1
0x611860ea0217d9b0ae761a973433b604b31c3b65,1
0x1a73306100f9f27e153ef1044be99bfba644e7d2,1
0x31ed534fbfa8c67f8a9d4e75edcf03261cb2d8e7,1
0x4a4cae1d41e483336e46fc017d7b629f36b08176,1
0xdb1576b1939edfb84c167d6fbc70bdf104634749,1
0x4b37c9a6670b58fa7fe5ca6ea4d56c7e9d1bc245,1
0xe3262eede42a5eb5189b7a57443257d35f7fb5f7,1
0xd8f1ed7606605aa50af12a1a99e2678c553595e9,1
0xbaed105af8c00f5a512ddbe79d66e834707857ab,1
0x68cbec6e76a8cc835ae75cce5feff1f36cbaf764,1
0xd16a7ef2382dea4c6d9b31e87cf351ab3266b7ca,1
0x13e073537f9d820eb7b8bcd41edbf7f9df85024d,1
0xbee66ea0eb74cf2a3cf30f2d955b4cc047d2c78d,1
0x5bc928bf0dab1e4a2ddd9e347b0f22e88026d76c,1
0xb29b1936c11b77cec6061a9daf765ee2666c8f77,1
0x7ee27f21db35687b8aed85b1d96d8a9bf1c8474a,1
0xd889eba3db46702d2e4cfe6d94229db2ba188494,1
0x059793939effe3cd98edaffad580abc181b1a96b,1
0x8d2a43ff7e015c55c2be316a52bec176a4328a9b,1
0x55c8ddb3f486d9f434da6bc24bc756d8d81b2a7b,1
0x94022df1d740bb94342f2ae82817eff3352bfcba,1
0x8cfd874a688b73f3f5efb710f3738b5b1f32fe6b,1
0x8dbbca57ea56290efa14d835bbfd34faf1d89753,1
0x1121fdd2900abcd844d36f0d6b6e8d69bc38c121,1
0xb7fafa52585882ff727db81c1275103e18a81b6a,1
0x1c9365a7bef98384401d513bbfa3416ebfe99578,1
0xe6ba7ce1bbd7b811d891c2d4c09d7295bb96752c,1
0xdffb2d60e5ecb233d448239988d3a6fb6470a8d6,1
0x95b5e520e93e92954c6100272696b0e6cf8bc013,1
0x0abd672a6f2a3e2907ee3d8ac9744670c04df8e2,1
0xc1553aca9feb623ecf04ab7c0eed91a73db40389,1
0x55c0c8186541868c03f434e9606e112ee0153965,1
0xdb5b4853ceabf6d8e08d73fddfa80f507ef9fba4,1
0x0b4f05137beae5d828b0649dc6ba184572d5480c,1
0x250accb8b81f758039f054188132fe0a8474cd9e,1
0x23da856b31f486a6c39da1e12c3cb49dc33231b7,1
0xee8dbe16568254450d890c1cb98180a770e82724,1
0x70ee94eebf253b4d92905c5d49ff090908b710b2,1
0x3ed7be6a2b2431bf0c23b5b989c3a0b5d5c336ca,1
0x422f3eac277a5f3adcafc5d4054c04ae35a18ec4,1
0x171b59df58268c7bbd16f676190bdf14de0f0b4d,1
0x5e055693d6fee356abe3ff5960584b839184101e,1
0x2a216ab56a4e8f7f9bc0cecc459af34745598842,1
0xa08f910c21ebff52622490c79dea4158fac5fed2,1
0x21710fecd114b1336b0918951bb571dd9971db3a,1
0x44d89b36fce03e9cb6a3ef589668f93620aa1ac1,1
0x25cab69f98105d5bfacebd4ab306fe6828407c1c,1
0x1439b4d5a72343b68f12398c649df99d76b2af53,1
0xb8b6910ed0cf70f92c9a6327838dad479302e7ad,1
0xb6848f941dc6c5baae2d1ef18b22b5c02f5d83ad,1
0x37feeac37afa67d5211937b4fca166f91724ae80,1
0x26a6434385cd63a88450ea06e2b2256979400b29,1
0x8450cf769ccf7fd060936ba2b023ca8f9903f9c4,1
0xb09ab8bc49caf6ca9a3f80aea5187e84df6e11b0,1
0x6d0c7c6c4ed61a3c599e9b8a37aa38aeb78cb259,1
0x56d3e41d87996b59842e20d638280829b5e446e9,1
0x6430c11231ec6723e5bbe6ab258f184f5af7c836,1
0x37769c5bdd7a43b0b52958ca51bdace1556c96bf,1
0x78089705ed807984cf3edf9149c9369e8fabb9be,1
0x5414d08228b4dbc4e9193ecd1ad97225dfe8ebfe,1
0xa775c5d6d91b43e976bbda04ac46fd418e75fadb,1
0x0b6eae3681cc726f6d8ad39c38d7fb89018e1c26,1
0x906b346a7d88d8ec5eb0749fed160702f58bf425,1
0x5bd6db4f6394f71ff7b678d43cccd953e1a516c5,1
0x112d62b9b1deaa943e8befb7270a9167c7b95838,1
0xf25d53830c733ce2d29741539ba6baf58d75df0c,1
0xd7b03000928f4a603b4e8a58a9f0c3f6587e3057,1
0x422bf362a48c8059b6e56a8bc836da0d0c328557,1
0x1bf83e708a446190c37d81621613a2b37eaab180,1
0xeca345b5c749b8a9299b154fb036020e13394eb7,1
0xf04f266d51563c2043ed8f51744572793c4d5793,1
0xe1d29d0a39962a9a8d2a297ebe82e166f8b8ec18,1
0x31ee47a0bf557c4949baad97d798b6b156cbd231,1
0xf857584f7784fbcb2874d9d9c3014725b18dd0df,1
0x35b0531decd2d4035f06e3db8375e1048e6f9037,1
0x35a791707bfad064e00b450f24b141d1c7bdb0db,1
0x47be83cd4037b98366ccaaba4e10b1a5d5486f14,1
0x189a585e8738693556f90137ec90a52dbb83b633,1
0xd89c641cf9cca44a3435895d24494d1bb7d70ee9,1
0x3310fd13c6c55f054cc128439e1e51cd0cb16fed,1
0x071132449370104f8cf2c2b15e65339fe10b2ae2,1
0x0578aa0595e0c83530dcde1d7a339479bfe6b0b7,1
0xc6bd194286802c5975cf681201e41f21a4e256aa,1
0x5b96cc343f3f8521748da96584f4a0be07b52b0f,1
0x3dcff2782f07b19baed2f992e901d2d8990400d3,1
0xbea73d090461d4d7d06c30c12612b5b5219c69e1,1
0xeebd455c141750d4ebf27d66be57dd3c7aa3e554,1
0x51a39ad9d67e9b336f04a19e5f5d8a92fcd416ae,1
0x60d4d538ff67e6bd2bd14d3aa724014ef01abb93,1
0xd8c247ee44dfc6898fe4e224979f64e367d2c9ea,1
0x147a689478cdd24b5452271972e18eef05ef359b,1
0x204a79ff4ecac8164c717bd46c02cd493a159789,1
0xb3bf133950d87f84508fc64735ed40a4f2797aa6,1
0xa595e9525b0b2dbf91054689e385f5611207b9c1,1
0x08d2a395ac062756b5523b18fa8c7bd3e11229f0,1
0x440fb810c8f981c12572b63806f95a5adefe13ea,1
0x6cf6972be629d30428331a68d4bbbea8e0dac615,1
0x7d761d8828baf244eac723f82b2ece15ef8adc4f,1
0x22cbf92936f171e073350eb771d6f0c8b38330e0,1
0x874f061b4b1ab98905f0acfc3a6a23c57d203406,1
0x0360b9acda197703cb3040715c75659c38f13cf7,1
0xb22f9ef32638552d7af2accfb2bf8a4b8f9c313f,1
0x1379aaccf761490ceba36b6ec572e5dfca48273a,1
0x77e8001a83e5175e36b0d80c11fe8b5a65ab5ca3,1
0x378dcff8e6be1778b04f5712d686517bb6a01927,1
0x7d60a758f47822ec591b24df5a9d58fac84cb07e,1
0x9fbf872b185d9e940c9d71cc936e44dfad008cbf,1
0xd0ed45ae054edc7bdd8def06fbe8bbd6ab5f1ff3,1
0x41b68202dc64904e09d2e4f0a94879c741f27db2,1
0x162bc01387ce534a46279b4f3fe16663d31a99a7,1
0xfa8a62a68316475762966e3418c7343e2516adfe,1
0x13c39b3e6e6159bc233fad90825f1f9f84fcb102,1
0x269c2d0badff4e365ac2a0da8c8e3f186b6adaba,1
0x0c9d4d222911f3930ba6449df1f75541cd3ecba2,1
0x78fb3d569650ea743fb7876312cb5ff7505dd602,1
0xcdaa26894d54fcd849b2ecae5d3c2956bac22c5c,1
0xbb2aa379177a52f93089af262b98e9f298cde638,1
0x78eca41c3085bf0eca6470ab202f51510e5f86df,1
0xc2a33dc82d21e9b354cf06579872cca592b820b1,1
0x0637213177486b93a4198719a49751d77af0b43a,1
0xdc655c00d3197412af3d4ec85b6af3e8c561ebbd,1
0x772ad5c5f17c8f1175657b7444553e38152162b9,1
0x3a98f478825d9114eb118779a75fc9b0998cb9ec,1
0x58ac0439d856e25729d24beaef4f50effa00d834,1
0x5d19fdd7453dca36e9ae5c51dd036f3f32f38a6e,1
0xbeb15cb4e910fe9e730c48f55a4de49212203d10,1
0x1d8a9e8d00f6b7f65dac2078475119bc02da0682,1
0xa2daccbf8cf2243c724260cb72972d206f2fcba2,1
0xf2d0112da7cda7ac41db6e1fa52ecf7c53f9655a,1
0x6c83b447b009ef76812420b936122cdbe74d3d59,1
0x951358ad0e58d8fe3ee74ecb9f519bb6f8bdef2e,1
0xf603203b2fae1dbfaecec6c905a45b58352b8568,1
0xf4ac589062a048159504294142793d86c4badd1b,1
0x0a9f85014478279c83eb0fc981cd8d14687adbf6,1
0x2573623e65748f9848ff10caa34bc6931753fc60,1
0xcd892ebddd19e3f23e4ff660f09b784d5d2b6ed8,1
0xe41a28b5f4c4480a474fbe01784e47ea626fbd21,1
0xee620a0991d57f464aad452789a4564ba51245e8,1
0x1e299dc52eb9fdab6a6849f9731a948d8d72e474,1
0xe3f9b0b7692b5d9a46227f965166d3f2c1b6f5ff,1
0xb6c469ad9f2d399c5baa1a8a8861eefb7ac91fbe,1
0x4b75b25402eeb4e0c4c87581f9f8201339a951e5,1
0x869b65a919c903e9b4c3e3f9f47d6939ed2a01e4,1
0x213594d974427e8c1bf4f4f557b7b6f4987c50c5,1
0xb224bf6a5de0c2537209a1801c3a7456e1202a59,1
0x0688567b794a2a50909ca6fe92bcbe7a018556b6,1
0x1756e785c364e30031e90f34e5d3b5aa4c83c1a6,1
0xef646a7688ec76c3368b8df136e54394f6fdde9d,1
0xa78b54a5486ce07838c1511c5ad5f72df2ac833a,1
0x2762c7fe932b8688508fff24ececbbca92a128c4,1
0x998be28db6e23566cf80fe790e49a4fb3cdcc47d,1
0x8c1a163f87915654107148434fe68f60847abab6,1
0xa18aa7d05f50b3c013c3de9ae63217a78e40859f,1
0x5774daf116c1a7734df96d831cfb9fece129cab9,1
0xacf5b55087ba2767e96c487b9a007753f7ebb66c,1
0x4748f2016fd9a1dcf881dafaa5218c78ce8f8738,1
0x753dcd2e10a9b3a7abd62cc34b85ed6497b462d2,1
0x08a0f178506f3007263464fc68822365f6dff3a2,1
0x6ad0c5e2611f3716533065b5b23d78638fd97a58,1
0x3b56fdd60640624c78ab4febad344c51a366e6db,1
0x9517b043184f9b1a91b9ca142f8a7c6ed421c249,1
0xaa0445568a566fcd905b49ed6d91a47edd15519c,1
0x0db7b27b7a3ea8035d3f66f3ba7532221ef06abe,1
0x60f55d4b354878205f15eb2804653c696f4dc8bf,1
0xf2993590f381123cdf654529e41f915355ab6bc5,1
0x410a9f44948576c60f94b165f63eb79ce769a04c,1
0x33bfbb2d88757ac9fc0362b74647c9fb2364de05,1
0x85ef33d5a8682a6726f1dd27e4cd97561b593b1e,1
0xef80395b4943e1741c92a6f2119eba58cfed889a,1
0x734ed31ad4853ecb36e8554ec35408652642f3a0,1
0x84faf1f993d2261a6a6dc53047719a5815719877,1
0xadb723fa57987c83823a5d5df5ea2bf2f1b9c6ea,1
0xfd5dc6839fdd1fa8317a52a268956212c2556edb,1
0x3667e767a12f9057ef12dc58764400b34cd88320,1
0x852a1ea52bcd4384e3df995746c687e32e38831e,1
0x902552dee5e3cf54dc7a1eb97017b85788120055,1
0x50f27cdb650879a41fb07038bf2b818845c20e17,1
0x71a4e46e5d78de036f7e6c916be092566e1565b9,1
0xe0d209b7324d982bacb757f724ebe00a9792ac28,1
0x089660619d26b6ca62eacd74e2ddd6089024fccc,1
0x4f7d60750ca31cc926e884049a644915bbbb0023,1
0xba567d6ce93c021e46baa959ffc241fe35a10297,1
0xcd241563f7288b5eb2b9b715f736232889b62d8b,1
0x1fae7b5831c0b57dd172da74fd8beb983ab6b20a,1
0x437053537d149d94ad17b4c2a7e7c796cf304efe,1
0xb313ebc730179f254f09d280c533416e62fdadbe,1
0x8b26a9ce34c71f10cff392bf62f3112743ca1740,1
0xc3dc9ac77cd7690922d9cdaf546f544248f70159,1
0x827f541d27beb06eb0441a4ac7d4844cbbe95c0e,1
0x359a9eecf4df8d936b99c6519516a5569bf14797,1
0x001e1826c164dd5d439b72f2aa837848a37a88db,1
0x5bd3bf853b9970d93da64d7628919997c1a06a6c,1
0x5fae9d4b591f213b3ba75287f2cfac0883d17f7a,1
0x70bde14a67f6ccace6d27f07b58c96c6c6bf9dc3,1
0x4bf613dd8b243d80e13ac3b4ab6838f06acbd471,1
0xf3ab1c5047cbc4cb0a61c9cada9b2929e18d11d1,1
0xe6015cde54b2e9b8ca82c27a29a16d4113879c87,1
0xf0199747902c5854fddfab51fe25684f1ef4c10a,1
0xfa3eb468a3a83b059ffd3a070b951aa3114033b5,1
0x787ce8184512a78bb3d4dcb02e473eef4e0faa40,1
0x5b975e28fe5f763dea46246029147e83d69c8e4b,1
0x0e10593dd9b07484feb02229c22c819fa6be31b6,1
0x24a5ffc3e20f8b88baf5a9b1d90ee4da3915643b,1
0x789ef4dd961eb7056fa66d86e9a888a5ecb28d9b,1
0xb98d10d9f6d07ba283bfd21b2dfec050f9ae282a,1
0x1052dd3882746ed4388b00b0353a69b38f612471,1
0xffa4410d9d8e63f255146475f0e3326667996482,1
0x6509b2f0b69747590c2d37f019cb5840d82349db,1
0x3a0c596a40bbbb558d86b0f692884aadf1dbf20d,1
0xb67b3d7b48c457e32385c7bafe033b08fa8f334a,1
0x2b4b9e8a4527d5395bdf70d031e8487572cfa105,1
0x5514a08f657685ba7f1990299da1da1fe9ce44f7,1
0x95e40296bce5fe39dce227424a1b1640e8594b1e,1
0x07670dd0d0d00ed6ec47cd4073c7ad5ddda32405,1
0x8fb46fc66712b4d217a1953fdf89541f62dda44d,1
0x18243f5e0a46a2e41d7e62a677dc2a23a7c49468,1
0xa159a996ed582d183d98fed1989b2f0a95a0cf63,1
0x761db0683cb888d23002d3bbb641ea6c9c9e6bfa,1
0x251a0be0e10f5dce6908ed3ec3777fc71cc5b420,1
0xd62a862da027716a0f72ea8be3ee78d2ee14b9a0,1
0x9ad109efdf8d84a2e4f784a01ea5fbcc7cc43168,1
0x4986bfb143e2afc58284e33253289b9dbb270957,1
0x175366fd3e2cd57bc82eff05c9295a29688e6ceb,1
0x8b611a5198f49c985823be094726da9d39387d80,1
0x46bc4aae45feba36eb29ee91527dd9615911eed6,1
0xc97a112ca84a12cbdb7f47384a38e19c8622a6ac,1
0x0112b93de32e5353402bec6d177af4f8c8cd40fd,1
0x1be8214a3e0528623e0e10af349936b642bd3767,1
0x66f21ffc3fa1fb2770426e3c5c209b83b375dcc3,1
0x4b6b892b6878e61f421066a01fc03d0648228f82,1
0x64d23aedf99d0884bad89e1b78d4b54a9385dea1,1
0xf59ec163682c8cdf015783272cfbaa23aac95d18,1
0xee34bbb4882c0ca569f70901217e6aeb3b347b62,1
0x26fd006b26b762faeb6a17bdf35e4644f4b3a259,1
0x99f4f03f53dc5cb4a1bb01ebbe29a5a4104c1ead,1
0x428f7e0323e2d04e76ad448e23bd944b28bf8b5c,1
0x0898f7a85af9964a413f5f4ff6b7d6f8f9f8f753,1
0xfd8f2c73e0ec4105206161bb38383ea5ae4decdc,1
0x9657a105aa24f8c0664aaf4e59fd6ec0c74e4a48,1
0xd5755a4276a53ee7ca2703c6e1967af59cbc9feb,1
0xa6e2ba249678003918204b6730ec39976ec1d965,1
0x92e91d8f64e6934af4e593b7bba67662226c8ded,1
0x3315d35f29e7c124420b6f1ab95290d87c01576e,1
0x31e99699bccde902afc7c4b6b23bb322b8459d22,1
0x6ff383d8591d83658ec08c825dee49ff99e9c3c7,1
0x36be14c0d731d70333e4f906a0d33ef65182fd0d,1
0x362f22ec05993f735c0b9baea18bd73fa99e52fa,1
0xa29f7d70c623e8cef9989d7b063212fdeb3047f8,1
0x536d83e66759cceb0d3b5d6b70d61696404ead7d,1
0x924baf1e2bbc58e9cfe333d4c7074886a6af1afe,1
0xe4f3c69d95049250c154bd6332911f08b6c13d02,1
0x13c0dabeb938c21524c59cdc40bcb6fdb3618754,1
0x106c736b34ea6cca24eb48ca03f8b7b9db4c4280,1
0x729fa41c7413def56234fa29a72991b49b9a542e,1
0x96d910ec8b20599be19bd6301aa5de78b7c7e66a,1
0xe1779c9d409b2ab99a10433dc1f1394127732a1a,1
0x164a4787cb79ee24998d3a5a4fc01cec7a3ef524,1
0x2ce1edc17a580eb5072475818d8b054c144058f7,1
0x64355910c6cf1bb7b1a70260d4947a3805fdca4d,1
0x4799b18582cbb51cc207ed9716034da309edf47e,1
0x03bd5e165e78d2ea367e316bb4db8da59b843bd2,1
0xdf6cb4483e5b749c2c48be479283247037ad0cff,1
0x607b64f00273e682a38b22afa843bb89e6f1ec03,1
0x0243bedb3e2d8e174f8bdb2a868f034190b1b290,1
0x1c1d89b2c036b54186f3736f05f4e74aa44529e2,1
0xaa20816a724c8bcd2b8bebb60b1a7a1f90e3ec0b,1
0x2a93e999816c9826ade0b51aaa2d83240d8f4596,1
0xaf016ec2afd326126d7f43498645a33a4acf51f2,1
0xfb093481439164e493edc309bf3140dd7017fbcf,1
0x658e6bb274382615bb0686727fbd33a0ea4d2f13,1
0x7b45836d84d9283cbabe63864e953089ff5ea182,1
0x8a0a569b2937ecc360a686386e34df83cd2348a3,1
0xe8cc7c453eca25450ca16d551db93d5f5740e054,1
0x6dabac4d3ec4647158e2dbc44eac8995ee1fa1c6,1
0xfdbced08b2874cf4990a53b7e6944d2fbb725085,1
0x2cae0ac9a7a7048516868aad672c49ab632b38c8,1
0xb8c2c29ee19d8307cb7255e1cd9cbde883a267d5,1
0x7a000e0fb9f25c03096baa26577141b84ed01da4,1
0x15fc6728ec8d16b66e7151a4df7261b331ff8b7f,1
0xc4f94270364674f3bcce1487d98a959e72427dba,1
0x7e1ee6fbd56b93f09cd5028fedc2e7b574585088,1
0xf0ca81409a3ec1660c3f4f275d21fdabbc63a9e6,1
0x00f1706e8d023cbca6697dc22fdecbe52b2476de,1
0xb0824a58f3d26b6df4a037fc85b548f2a6eec096,1
0x7086f9b9ef5ab6653385f6751ee21bd82febe1a7,1
0xc3be75af49a71bd36b08c513cc4520b5e5290928,1
0x7102a591ded392de38cca9ac35c29e0f6ecef137,1
0x92e8c031d770db9027a91b9c17432ab9094ea546,1
0x4d95f4016a3e35755d122d518da46b602439d56b,1
0xec9460a75130da847cb86207c20b91dbbc9b0eb8,1
0xff1697cd18f03242ea521a80334a9060f0c25c7a,1
0x273396317b20d90dff0b69a8852ea912240828fe,1
0x96e3baa591c9cf4d5f44dd44d02a3d4ce9290ac2,1
0x428ba87cc89d457ea0754b7fa8bf39cfb53ed63a,1
0xee791b90b9d03c177185aa7ea5df8fd855d0c0d5,1
0xe171aa86734557919f81ac8e9cfe69be644526c0,1
0x3ed17fda58b4ca8b4d425fa5a3b92bb496bc0a55,1
0xaeff8f5eee811039bd087bcf84742ba9c4ecced9,1
0x2b99dc831f80ded875ece675daf01e305c983e3c,1
0x05c250120ce07ba6fe361b39ac344148435c25ca,1
0xc1b23d8514d2332a91c565915a7f4e889cfd46b8,1
0x5712ec69b1dedf934303ce530ae2b4f1d3ca4c61,1
0xb812b11e5bfbeda4f33da7d96ecb9bcaf8276d71,1
0x85c3b194e2d4bd89d10fe1e175b209898f8858f5,1
0xad47863310854df7e812b6393f03b379264e5acb,1
0xd5a1f54aff17d90560cd3c5e78f8dea1837ea379,1
0x5d7c9186e70bff5b65668db66ea7bb9bbdb81d3f,1
0xfb8ba0706b03aee4274e8b60bc2de5a6a177ffa4,1
0xfacefcaf39da7e3ada119881fd2359cfb682d844,1
0x11027c71a31f0eb416c6a1067c43a61f45574468,1
0x13bc4cc06e15abc085fbe05140fe9a0ecef0e6d2,1
0x641cf4f47ddfd1dac1bdee36069f09481064b031,1
0x3620b9dd245a38026838fd2305432d63c588e22c,1
0xbe0e8bed30fc3a89944648c4e9d988288a973769,1
0x0e6c4af64e141ed52e3082dd4fd47416ea4f321b,1
0xe9ac836ab6e18637ecd10c5fc3b6f786cd40d3af,1
0xb837d59e71d11610c0d3d0d78016fd682fdd4bab,1
0xced40b789eb0073b412acf6b03bc95b5b04d7eff,1
0xd6d7ea4833f22edbed3dbd3d71adf3cdd8e36a01,1
0xa22414e4af5767448624017c7e0151d22490412b,1
0x0fe61de274aed1803e66ba1b863d966079cb9116,1
0x9b3e37ba693c954bba67802c4d17efcd12b38e3c,1
0x580a96bc816c2324bdff5eb2a7e159ae7ee63022,1
0x507d4e199f1f418679dbbd9cc775d846717beaf2,1
0x7b2ad6af37be6a77c95556d9453e4877b6a8437d,1
0xfe13ee34c8d481ddf919378aab71cca12c64abb6,1
0x49a606975f17ec67da1438e6be5309c112d4f4b4,1
0xb8a1277b827d69ff3626f0853c370ebdfb035ac5,1
0x8b3477ca7445ec524dd534fa4a596c993e93675a,1
0xc18120b4b22c78ea55f8a7acbd7d7082d3c73a2b,1
0x7e8fcd1046ae351af66c12b75b051fe550afe71e,1
0x37009f9ae9dcc0a6d59204e1aeaf9da4968caec8,1
0xf4a11c01e5e8244233c5a4e7ff4052781c333e36,1
0x3e5cbba78dd36f651cefe21951de8f153ab1f8d2,1
0xb9a0e91e9f7845ef1cfb7eaa6bbb341425c610a3,1
0x240d478106bbfb613b923be58c9269c7d90a41b1,1
0x04547314afabd1060fe6513518584b1ca602b51c,1
0x88888888eef9d7648d15ad26c68d1653464856b8,1
0x140271fd98e2c9d4338978bd983b3c2e4b20f6f3,1
0xd6dfa6100351032d501e1b6a5cdecb8f106fff58,1
0x3124e0c2d13f0938ad3e438244b553359dfd2edd,1
0x838a1c2f0cae94072332c346533acdc6c590971f,1
0x2ff074271386511555f0682139943cda5fa5937d,1
0x8bbc693d042cea740e4ff01d7e0efb36110c36bf,1
0x2c50d42deffa8a0c45a72ff7a7449ef168f3d4ec,1
0xc6b5163a2897a941019d59beda657b3550a260d3,1
0x432cda1bdf599ddb69873ced806da13df0375f8a,1
0x8af3e5d0b93332a972f02c50767befa71408ce86,1
0x073d260eef1a0299bc04d82ceb5501a492e08f6c,1
0x2702d7b843a994a388b830f64f9ca17118f965c1,1
0xe243dd7402fbf50488e169bfac050fd34d7af647,1
0x53dda0a69992b87e51f0f14b1337281f09a2c8da,1
0xa3785d2f231808d54aa207a84aee81c85dcbfb21,1
0x3d9e77bd53dc0c2a3110732e30d0b969713fa4c2,1
0xc59495774c3af7adb580381aa7ca5b3cc3f3888d,1
0x95252debb62710e6e52c49834c34d7bd8221ed26,1
0x353bc35becfed0c65bf6d4466bdf6b381cc673a9,1
0xb3c2cce69df693ce8a3c220d6ff33cb4ee358714,1
0x4a4f1c998b89c0dc000983ffd997420dad282ca1,1
0xdd0a979d9a277144e73e05aab18261f71ee020a7,1
0x5df6dd99718f32ae362b41e78b7bbf66ebccc179,1
0x85654d98c5bcdaa28ca6012a338b44f60d08561c,1
0xcfa1664c628f75c4f58f6f4a1eba1bcc0f110c4b,1
0xca3872b1f2203c4b488955f6d8fc28c35315b507,1
0x485b8ac36535fae56b2910780245dd69dda270bc,1
0x952908b0520325ac38411562f6112b1eb5881e3f,1
0xd94faee3abe47dae9a6dcf2837b0afd843eca95d,1
0x6e2fbc139e37b43f4f29cc10b7bede36587f7306,1
0xecba5f51925e6ccec26da38dcd7d5305f6bdfbcb,1
0x7bcc273233af9ee695b101bdfdd01e003f97e0bb,1
0xd61bee56435dc7eeca895bae90fc8b9c7fe709eb,1
0x5fd22779c58f667cde1e9600576529984495604a,1
0x80e064ab5482a59cf11e1942518081a2ba7000dd,1
0x172cff9b843d0ae167d33a74709b0a3affb6a5d1,1
0xc364a1ec8697e87991b2f4903ef398031d01a9b5,1
0x6c2ef68148f96f0ff50499743b8acff699ddaa72,1
0x51fb095c8d7ff783cf884d011834192c46bd9398,1
0x1f3fd666b44d0f68f50012470595ff36200908c3,1
0x8ef608d9a9053efe81bf981d3ba8e78dec839685,1
0x9bc2879384ec9543718c93bdc769050286f91281,1
0xb21027569ddae670aa521ed90d6ecb5de515e8d4,1
0x74fb3bec1545e02fa63fd40561f7bc36e2c06134,1
0x034cea68e9305839d2e9cf5ec38a064017e68ba8,1
0x4ed2b2b013c4e5b2e33c090818d49e7bbd6103b7,1
0x96fba9250c7ddaef1cb4ec258c79e58f5aebac23,1
0x3334c740aee8c9e6a0c6f16ac057b0e9c6a73479,1
0x82671d5ba4c050ad8583ffd578b5dc66c613d54e,1
0x3607eda07116b277c1f791ee224cb2ad9291a009,1
0x284b7200cc90cef0df0a9b14081fdd4d40bc9b7a,1
0x25cac2725f4964efabcb875976dfbd9eb932991b,1
0xbaea3cf94abd0d6e0f029ef5b0e54e9424a72985,1
0xa3b39a8d46bcef5c823584680883b79690de933d,1
0xa84b6da113c0279363dd1dcc7465677a4b0455a9,1
0x72be121ecebe178fd3dd0afb0bb91f75739a681b,1
0x49bc851b355479d1241d86607457feeb9026826f,1
0x3e5543a342446999ac11609af4beb82339ca41ae,1
0x74acc173f943abe0c54cc6acdbb1307715a796ab,1
0xa80644a8bbbe1b40d8c54aec3dc2b148574deeda,1
0x9b8e318d31931a23434433d9555c53d3469feef0,1
0xfea710fb904464feeb6a12bdb668e11646aea9b9,1
0x1418b42e167a8aa3bea88f76a7889caf2c0436e5,1
0xc68092e6a9fcf32b1e1e3bba0e9132b6005599a1,1
0xca5357ea606d8292bde2887f8253730f3c12b378,1
0xb33dba37a572861bf8d6d6237dd4fc048be5410e,1
0x17e54316fa5bece644bfa47b1982dd9f85b9c958,1
0x022d46788c21bc8d933c745387e107c9fd9aef95,1
0x577ec302c94f57d09b7fa1006e6165554d576f04,1
0x5ab2d1f5069dd2f9aeec3b0a8e923b1cdbe7fc44,1
0x294af89e9c338f5f0b54bdfa7db81af97f6cd24b,1
0x4c110ccbf6a4a5c2a6fa702974955eef220c2f7f,1
0x724107da1a5881c16c8d51be5670092c323534a3,1
0x34433cb54d406d231cd511567f33ce1914fc888e,1
0xaad08fea58a5822a076bba2f562f4be5e7db6f41,1
0x3e2a09ca1949e4937cb2c63a9364822d3f1ecef6,1
0xa26e13cfc426d42480bec7874e27cd1e1089e32d,1
0xf2e03bb3bae583d72d750b3ef443372f92cf2c24,1
0xbd0f5d4be49f83fc26925d454533da2e2504da6a,1
0xa7dcc417c63f24f9073b667a5d7149bd38463d0f,1
0x814842750489bb2a6f975a6bf45192d4d34375f3,1
0x013868846eb88e0d6b4c235547a9a3d526004c10,1
0x1c3f8d46b9db827548078a2e7dd46cb487eed0e1,1
0xc56377cedd517cd65d2ddd7c06920a343ca206d3,1
0x871b4cfbd14678478f1a2e38858387c1afff4e15,1
0x22d785f2558945a4c2aa6946771eb16fd1689bdd,1
0xfe2b8dc957459ac2a08fef57576bcb8a89845d8b,1
0xf61cecb051af46421c79b3457f1e19397cde936f,1
0xf90e718487913ead0b17ebb757cb662cb76854dd,1
0x1e6c02d4f25dff92b8355abbac1b9522e0a7e8e9,1
0x13821b361f739128e4f7863ff4d17522ddd41504,1
0xdf7c9d087fd7e77c095c5826ed8d9bc4a5d0be3e,1
0x5a7bcfb9390b37fa0055e434b041f20a719e1aa1,1
0xa36d30fc6fd9b6e23e2285474cdcb9096a72840c,1
0xf7733612846b22d575cf1073f92979592159d2cc,1
0x3e0326556146dd34f4b0442989a48fcd87f0ffd2,1
0x5bd832dc1a5ac61f687b87c4199b844819a4d8ed,1
0xed19d89f9b6e7631eb12bf085e197ce68acd47d9,1
0x54f6a34678d5b78205b024dc5db6222c3bee9e6d,1
0xb8bb2fbad09c68aa90c8ad6cbcf33987bb7add38,1
0x9b220c39d91cabb77132d1e7a4f30c6501aa3aaa,1
0x968e708d939feb55d914e233cf1097f4adbcd5e4,1
0x21abbfa7a1ac6300cd9df848784f0012c61cccf8,1
0x39079407a3be76fa77603858d0d8c753c9bb3925,1
0xdd115ef817fab7b54bcbf3d4152d2e7c9d7c4e37,1
0x75850227f61183759cbbfe2b3fb196e798ce0b95,1
0x303052148a78a692d7aa89bad454f3e91785488d,1
0x3d889b6391506032f9e9380a8f5cd3199661fb72,1
0x9edd54a2ebfa3c78ca1adc104a1d3b8b6a6a1370,1
0x43af50aac16c87bc7631d8ceaf66a9874decabeb,1
0xdb945002b39af8c78dac5ba02123ad32cde12a10,1
0x6bae54650c0d17f4aee76839a7d319dc5060d6b0,1
0x6269a98ae8cd1099eaab82ceaace4d84f8116347,1
0xb6d4f6fce2f9dfc65015cb782d167077677a5d90,1
0xf6a050e28c9da904f5ea04226bc43a92a2ffe4ed,1
0x489f465240db3df46f8a2c95defb68cec589e626,1
0x48238faa9bd6d56fb44a32dac6185f04eabf2117,1
0x420e327e45b8a804a2b9c4ebe6ee6b496f7d3e2e,1
0xc73b8bc73a63c94fc7c5a54d026faf7b540cf113,1
0xba8db35dae41465a45ab494a5a841c73ed1c047e,1
0x782de3f99f9c73c125a5e6b494373a3c68a2a914,1
0x30dd5f35429c7df83cc8247ecf627826ca5dbe5a,1
0x4acff5f9ba072eedfca73dd706a44fb0b8c6c983,1
0xd413f436a036b9773d7adccaac10242e27b9da74,1
0x4e8849962c43d9d7540f64b24bf76704926926ea,1
0xbac8631b4b7b07e1600daa18182a418e2cb9c32d,1
0x027cae2ed1a23350a751452e907b4120330f9762,1
0xea1126e70185400a2cf0de2a6b35428fb8affd29,1
0x7c0c0b80528b8deaf0a5624c42f58d7fa0ea52d9,1
0x8a738c9224c6c4a35f6224a40d83dcf1aa1aa52c,1
0x37e6cb993b074cee0769fd6bcd8154768f585ad3,1
0x34b045e74b751dd5014653c73f910aea2402005a,1
0xf3e1f9230ef6bb5646dc04879e67a3005cb69b37,1
0x66fa6d3aa74a9c2b0bd1676747dfc2f6951c936f,1
0xf3dd450b30958c820781873c3287ace1e4424cac,1
0x2e70f8a381efd5142474e8ce61fa3d05d3ce0576,1
0xacc0e80e3cccede7d2948ab542700bb9499d2623,1
0x9e8b401a1173539a92e640629c0e004a9803dfb1,1
0xeaddbae2651e21b4ae261ffbfcc81970854c4ef6,1
0xcd0cdbbea19a7932487feee640279a23db9d7de0,1
0x4212d149f77308a87ce9928f1095eddb894f4d68,1
0x5b71ab89a74eb8515585bf100a69bcf12f9eaa3b,1
0xbe7a5ccea9f7279f714d4c9b4c5436dd38fb4fe1,1
0x2e55651c54af2f2fb57191290c97887b993ccdd9,1
0x02567d98dba79f6acf3798521fb517aa6f40a888,1
0x5c055c05126b8bd0a16596e79f76308098ef46f3,1
0x4dd5a4d1fcb6f8938aa8ad070aefe1b19e8f9c0c,1
0xe66e423f39379ee3618d34af5736e07e278c79e6,1
0xc3424aa08c0e94e1ece3af84f5767acf8d76c39f,1
0x6b0e4ea76f522cc337e4683e01d5b5779ab67f7b,1
0x2a00f63af45627ff351549106ea735bd973aa86e,1
0xda75f63b9cb1cf7668bb0ee34fa718bc1cb5bbc1,1
0x74a621c7d6ddd3a120642d531d54d149fe6d4698,1
0xcd9d07cf6dd668ec30f0a289720634d1af4576dc,1
0x1f5edfa0e9ccfb3137cc4b38e42bc323ec4493b3,1
0x0297aad5017b07fd7983d729f90e687cde98f8d7,1
0x3cfcd52b643ba0650f5976805d1324e50a36840b,1
0xdd0c252067e1197ef2c4ec48ea024d705159ed0a,1
0x5dfa3092be17f441f85a4b3218a7675f0efcf9a3,1
0xe1d8963bead06af2f756542b5bb673751a39be5b,1
0x32289cda97cd3708e178eb597cb3372d7f5d46e3,1
0xaa3cb22341b2118afdd12f127913762ae66142c9,1
0xdc6babb7e90b27e3f6be77d35eb03aa612b92efd,1
0xad887834294a92d5d6590608de07002be6fa3384,1
0x1d41071761c941e854838583d1be87a2449dd036,1
0xaaedd94c92e7079e22786e5931235622b68520b4,1
0x6cb6b5f592438358704be91208a3a7420caea792,1
0x57115f7d04c16f3983802b7c5a2d5089a188d76a,1
0x57dec6115e561f3de9fb7429cf14de429713b3d6,1
0xdbf049b470e7cdb1bfc19d9ca15b1c8c1128aa20,1
0x340b9239365b75bfb7585d26597f58d2f2025e32,1
0x806e37b374e4d867da45b24d8eb7584ae90fb2f5,1
0xed21ac4df809ac69b409471f14b120e8ed9d385a,1
0xd3e6eb3e8fba255e597c7aaeca403eca40f22d90,1
0x9116729bb16b97467656c63e1578364de2798e22,1
0xfb28d50e5fd51b17493adbf2ecd29c831c0e0606,1
0x1b6695144282442fc85e85163930088df004e0e7,1
0x2eb507b90cfdfde48a8e439ef441e2bf353cc7a2,1
0xaa300c7fc927345162a00b83fca3ebbc5828b5eb,1
0x1b591e98dc0ed3f967359242064c76161fb4c0dc,1
0x13075a80df4a80e45e58ef871900f0e0ef2ca5cc,1
0x6b8a7304a3c7e6cf3c06f10aa7261348a22cd800,1
0xab50fa55f304be5089f8c82c1954fa564cf37785,1
0xca9bb916074c6a51281a45cb9b4123a41f79cbac,1
0x16956e96f71dbdad8a1b334eab7f14bfe004c37c,1
0x9134699e9f82ceb2e26af6d7ccc2c2b4aba42d27,1
0x4509624050a93d2f37a1afd444c07907b8031ab0,2
0xf87e9924a11d9595c415ba0eefb2e3088a04436c,1
0x546630e317b4732870437d9277dd2ed92758805f,1
0x9c062b18920e31c90759558764f564752f9af328,1
0x44fbae5935520647eb98115e1c2f09a0d642e2b7,1
0x78de8f6c33ec16d7bc5e681c885ac910404a14cf,1
0xddeb29cb7c870ae53e6258c1322dc14b904e9051,1
0xbd6c1f8d5692d49325fdf12daa00dac59224de08,1
0xd364e907248c4af123fdac2f8f59e16f7b000076,1
0xc771a024f3c7ad7391dc9443f6af94268a3862a0,1
0x907854ac2768a1a923f15a1345872c149b774e4d,1
0x00e87b69cf3686e028f96d14cd79ec30983e0f53,1
0x4f494d0f18153cd75429588dc67e0975b67dcf46,1
0x2112134feff010321a1692f3bda6c9373552306f,1
0xba9e27317dcd38a312e5d9111af834e17237f7ed,1
0x7959aafbde7933776897349888589f488406a2fd,1
0xa887b1f658aac0ed2a011d5b352cca49157dcbcc,1
0x7a2ea9bc6389d1fd50d2850e9b295da706c6c911,1
0x1a4280869e14004dbfe81d1e8483c8055c9ac4ad,1
0x2e26fa722c032ed0b6068bbd7aa9c017e4d52759,1
0x3d65b54cc7f3c28d42eecc37711d6569315e1373,1
0x90a8c03fd754c468f2157252100597b7e5763b43,1
0x0ee21c367f85ed72f3849bf7ca9f656f531dfaed,1
0x00403d8538f8275279fcedcac967f972a72cfc1e,1
0xc6439ed57731c3952e7c4f8218af779250680908,1
0x1aa760cf97f1389e03a2c8b4ae7aa1d748d1b666,1
0xff93e7aa23280d83115aa513b16de7493edd0196,1
0x019accbe7f0823598ea968b7271f39735016da9b,1
0xf0a00d8bc531e8dc12696436a326a0eb7f1ccf66,1
0x308bff328370fc4a9683ab9fcd79a21be6dc5ee4,1
0x2a92cea8d390b44c3c8bad05e2ef0d6ed433dfa8,1
0xcc946cb041c7d0a7493c9ea639353bfb70595812,1
0xf58f88a84872409859f884d7e0a8aa33cacdb5f5,1
0x37dfaa62f0fe5e6ebe990ef1a0722f5279962e37,1
0xd6701a92ee4e8df99a7ff1a453abba8da84e0c98,1
0x63707786dab0fef37ad33ca0bf3b5ada2ff37551,1
0x315562f0dfbdfc2040242fc45b4ad1cae8c254e2,1
0x393f5fcc765421713bd4723832018aa94c8325db,1
0x5a0b1d3ae806a3e0526d9e328be31c160c439f6a,1
0x784b4215229884f0575a93ecf5e7492fc7f44b8b,1
0xf6d45c42445391b350be3cad097d85a0fe438174,1
0xcc9c0559240b89379a283f3801d280f7cc95b8f6,1
0x2428470da5c7a8559f11100c91019a81bc89bd99,1
0x234c9dc1ff5caf605cc702efa51a4a6be5a66649,1
0x76f499ad599ab376471a62768f1f30a764f2e038,1
0x4ab5189a020ccd88f05c36de69e4d868d29c75a9,1
0xb83e98f8188782b6d5f1bc4d32b935aabefd020c,1
0xd88fdf946aefb208ada91269c605d86114883581,1
0x7537f404ae396bdbdf0e9d79f81940be55577466,1
0xcb8e02b1fabd04bab6a84d20cba7129a4796e7cc,1
0x053b8ebe5c8aee5ca41fdb86de4849d5be6e3c77,1
0x2d887be27dfba166ee4bdecc1d7788d590d90477,1
0xcfd30ac0732f52f9d87a7ddbeaec96eee76bb5c0,1
0xc9b981461552989700b2d52eac6d2733192c79c2,1
0x87e32d4631d728d6ad7ebcd133b11febc9da9b93,1
0x80cf63b40741e041515e6ba6a4d327088540c6a6,1
0xd704ba54e4da69c124cb8aa6c454434b875b43b7,1
0xb244f4b768208ca90f7cd92c347ee017b4ceb44f,1
0x14ec3c75b6b68f59af5bc328a4aab494b5b7b735,1
0x869ce3c7415f06db4ff6d599d629c1a9c7c8a820,1
0x763fc7107d87579f95614622d1dbba7253884ecc,1
0x18d89aaf01f71c2c3ccb03861d2c9c37c1ad7d9a,1
0xe9d5a03e6b2d7644ae73a07c866966e4fd92a4b3,1
0x39dfeed68d0c848f3927cf8d01663ea639ec5b3f,1
0xe4a399c7a0b68a084fe9b859443a72d1e34f4895,1
0xe8f704418f3be2a20d38e3f1cf7531e3bfe364c4,1
0x8335932a9bc745f3abce2d0092b33cd375ac2b51,1
0x011f919a4eb08408de83f4ba74de8e89391f2484,1
0x07c73af8440b6a35a271f146b137521db6e19df9,1
0x914b1b26f461a8797d94f06ed41e01f72b0484f7,1
0xa91e80ad06da278c618ea629198957d934f72e44,1
0x7e5b399e254665590266ac6a9e2a1e3336576cc0,1
0xce2d1907044e0b7ca9121f57d3ba7a9cdcf10972,1
0x8727ddb932095fa3ea0fbb6e77f65b1581b9123e,1
0x8dc0b2384ee8cae3a90a9a50b25199074faf46b5,1
0x8f54249ae4c8a73e92d44459e026c9197670f3fd,1
0x37dcc02b6a1a56d50a62f584c8c39ff486c1117b,1
0x139a0975ea36cec4c59447002a875749ac9c460f,1
0x1d9300e0434669e07dca54affefa5c8463208cda,1
0x892eaf46a9c1cb75c3f230420dcbee6320c26932,1
0xce8383f451ff2b94336fba4370c92d3b871e97a7,1
0x1b2c7f6e379a2c7e19dfb63461e491e82dd9632f,1
0x2dc23418844eacd31a7d91a5571e000960553283,1
0x36d89738405a8325b7c560cab2dd1b88565effd3,1
0x20e89aa0ef531121443142734d64bad6f485f3d9,1
0xe25c73435702fed11e9c5584ce6efe7cbff71739,1
0x59aa4d2140ec130a76cd69cb0974cec4dbd110a3,1
0x8a58f89cd7a2cdfd167ed99d2ff7139fa723aac8,1
0x4bb0788383b3f558396369e9936712e8a6527240,1
0x71175572caa47abfb535216decb155ed50567726,1
0x7490aebe717b512c1d465253909fc8262f75b047,1
0xa2fe7e94d363be04145752115f465ec0214d43b0,1
0x5fa5365962b46b863dee4e6dd0a45ad5a5ecd37e,1
0x5054a665b7ac3c30939b02acb34827af25aba35d,1
0x04434c2cf7d7d90255348079e840b4d50a62588e,1
0x16bf2b9490348b21bea767ff4a3d3c82e3059f12,1
0xd18c33ef15f878dce373458a7da93da4f3f9ce0c,1
0xdba4707f0d67453a863bb8d5843761ca2e93d18b,1
0xcadf672af45192a94c97ae2c0e5dfd2a74a8ab1d,1
0x3cd8e762ef9b906000e23bde900f5c9061d8d4f7,1
0x912e844820eafe9a6c2df0615dcfea91ff32ce75,1
0xd7060289c22fb47569aa287ed4130a553f1c086d,1
0xbfe6ab779517544df703159ea41e7d8a71db6ef0,1
0x12b1ecb041e9edf47fc9c9f2b57e9ce262c34e41,1
0xc4fa8a28140e4bc044fdd85f2d3428a13ce093e4,1
0x5f883431d7467e42b1df641ae7b57144b01bbbfa,1
0x02da7d98fa0782400b5adc7e8319de1e52a60d1a,1
0x1efc22a134a410fed4439c1b11b010dbeb8bd5d3,1
0x7e30c4cffdbe6df08cd258ee723d1fcd8d234b4f,1
0x8ca0a67d3a84102328ef670d0dea5a8f907d5cb2,1
0x90f5dc8364db3a6083f493d9d4814b9ba9b47237,1
0x1e3a4d8d5941008e4515933a5f6ccf6ae865a279,1
0xe5ecabd057db846332957105e7d7bbc8369e088c,1
0x5fb7778b16e23930c3ede1c0a3d69652b350fb03,1
0xefd6c6ca53b088c8388de511d4edc7a5e444ea6b,1
0x6ae0209730fe05afcf9fbdab98e75dc9c7836ca9,1
0xbe5fe39a448c7be806a86f202fa1f5f146dbeb31,1
0xe70e823e77d87ee06f573587555fccb6c337e9f5,1
0x70ea6798510298b2eb333ebe3fd63f5959149444,1
0xff788f621f9ba93aaa8d0e451977bb38bb505518,1
0x1a8e059d53bf0f50983c4e03e4931e8535b1aa1b,1
0x205b07af095793ccef2b1b24fe5d54f4aaacb6d4,1
0xffd95533f08791ae480b997c8124139fc1e8e700,1
0x074396d67d04c48fdbef50af95df216185b63cd5,1
0xe840e296262c6e7a3f7dc129103b7ae14662f17a,1
0x7cdbb8e309ce7c701ed200be123f16c6f7c9e525,1
0x552f294781d4313fe2f5f6b8df3ba90743a6e17f,1
0x011e1d90260f42b4e54f7c64d8618aedc9f3ec70,1
0x5ee559349f01e5032324d6804d9ae4fd89041795,1
0x7921dcfa9f14dc980d7e8f946b7bd223624c3db9,1
0x222fbcd2b08137638dcdcd1d8819cfd8cb06f0b8,1
0xab81be93f28664daf0c1638b483e4f9d2539446e,1
0x13dc3217ea930bcf7d2ac9cadcb4d4f54cfd97ae,1
0xe4d50d9489a3ccf9d11c12720dbfb0f32bab0cff,1
0x94cd68f311901d7cc151c48c62fa8cbdca6d2c04,1
0xb3007ff3c3f40bdf0126fec7c8e43c3fc50ea813,1
0x6e8739c41b0daa190173f608e645a437c0b3ac47,1
0x1534fdcb6052d8d2a989de505fa02e97d0a84a01,1
0x4068887045db5b1797af839398cbf2355bb55c86,1
0xce44bea3722d0352cf83bf2359fda0ed27e7134c,1
0x65fdaa0eb1d6753305e5812fdabf157069e2668d,1
0x89d0e842b3c76d376c9b6af2f3b2a9abd2b22897,1
0xe375b00384ecbed3da6d2f8dec7b6784cf3693d9,1
0x41aec789f14e50b2628fc2fbcc29f909d9a97236,1
0x994b2a94886124b1575f97955d61f78a7d66f12b,1
0x17e7202da7a6411c27db0b8ec0d0839bec645202,1
0x57175429d316461f3b0cf06d0d428eccbfe23d51,1
0x7d0ddc336fc0cfb5a13efe490de40decfe0900df,1
0x27d4fee2fbe69bc02be96d1e146abe0a29797424,1
0x9e1fcd7cc0fa12e74212488fc5cad56850e20542,1
0x09dbc431406459fe38f823c43b95b9ccec0c268c,1
0xeb44e719bde774f08fd35a54315f08a6006cc9b7,1
0xbf1be8861bb200002f1fab3f7482bc85e4110e24,1
0x9036e214758d06286d2d144c23858b4cf54cd7db,1
0x860f0aa48ec759df1034d72e0311482a8b01db83,1
0x59a6febeafd5faf543033377b879d0f9f513f52d,1
0x004849f2a278863184389d97ba4f77bcb5ae2a63,1
0x5af981bf8574aa977adecd67e323c1275596086f,1
0x2b0e8d0a7c6075d4f0ac47c206de3571a9f0c1bc,1
0x64893c4bdac30961a1e8fea90704dfbeb7b147c6,1
0x4dad859d49a20aee625c60e78c19f103bb879f9c,1
0x5a781c4e714c567a3c999413c4ec1d3cab3e6d33,1
0x5c0f520a980197543d847e6719457c6990eed1bb,1
0x87ae3929744864734cd009ad3be47d97fccb54d5,1
0x7d656ce2a065b331abd295d07f466f6249ac7231,1
0xefc2702d50fb43cec83434d205c89124db029566,1
0xefc26e228cda4085476fb6a98331ed6f504fcad2,1
0x0ae4fc3dbc0fcce25f099cc1cf5c646e4e9570f0,1
0xf887425af9232e9288eef23308fb8396fcd1fb53,1
0xc6fece04694a1abc42f757f03a2a6ea51f0989a0,1
0xdf6ab555f39d21d9923632f978052db1595ae5a7,1
0x5688eedc08e9e7301c1d7102c95112253b393e1e,1
0xf19ab0e65c902ffedcb95a76a93ca7bf789239ed,1
0x8753982d800bbbf1faf478ef84c3e96f2775d3b9,1
0xb1feadc363621cda7023ce807abd5eb96adc576c,1
0xf433bdbf45ae8396805f5882c9f395b246e62af8,1
0x34a77cc4ef2b1021d5e82df61b4441cce4218158,1
0x4d255d9b31aa437a0df8d02565c99d0faa6ed49c,1
0x47196dacaf732ef3d6502ce01fdf9b1dce8c4a81,1
0x5b60608b5a9930114a3587a97bc93b5091927380,1
0x113c6e8d6acb173da6ced275c00aaead1fa831de,1
0xc04038c0d0b6ee1034cbde6239f71ff10b81bed6,1
0xaf1cd05c8f3dcc0fc4ca9b1480c731e94125b292,1
0xb9076ac54d4059661a24ff1831e8719a98eb8fc7,1
0x0c3cbea1a8061f5df8d37a2c152874d36580320b,1
0xdfd818378e60a1b7e26cf165cc57de8ff0a65478,1
0x3ecdc26073e3bc662c2d0f9197fac19b29beb77c,1
0x1fb7a2eb4309940732d5d0d8813948a70a58d7e4,1
0x3d13af1580148b96a095d7ffa85c84d6ca975cc0,1
0x4a10db49d36c39934bac4e882e94d268a67dbce7,1
0xb7a3768d8f1b6443cc5879677d0b5303b5352444,1
0xa6c12d417553f4c9a12c6d4376bc2b56e43eb2dc,1
0x683a8c3353b67d863a34ef52270d436c1126cf66,1
0xe04e8afeae36d99dc370630f1333d43f87f52173,1
0x4bfbe8c4f4ed17bac52e4c7e6ad781397acfd514,1
0x0f01735fb8fa1a88100e5a060272f44c2496987f,1
0xe7b0c0405fe7f6d057ef2a4c3af5afada4b33fd7,1
0xe3e06e9ec56ac1e7f3bced968b920d46ae1b460a,1
0x33608f433eb5d007abcf0daf01ff687e2148cdb9,1
0xa092d2ba3c0b07db458af6f06824ccc74934ca75,1
0xff7f1ad49a4bab3d38c5683397a2638adc674d24,1
0x5167d945bd137eae48fccba8cd999717ea009712,1
0x5b77982fc8dcf080d14c6a2b5d39460d157790fd,1
0x16e9cfe34541d8601da1fab1707fe2b1b867887f,1
0xafb1026a04a0988f76145776141e67f205adf689,1
0x339833c45e82db98f0c98dc8c5e9e687ed11bd44,1
0x4a15e3d354043fdefbb8fa77a55da211f4058190,1
0xe3422762384cc207f4691289c975862aa777e5a9,1
0x19694868cb9fc8435ef794545c7332915ec43330,1
0x58452efeabc31eef4f74ae0002fac6cb03c1229e,1
0xb8efa945cf7f35854afb80e9ac05f5c1dc172fb3,1
0x8b17e8b3f8315e73986f0c8370cea4f3a974a532,1
0xd36954df517cfd9d533d4494b0e62b61c02fc29a,1
0xc575343fc91828440620c0c9a2faab09d26f4f83,1
0xfefc2850b25fe1aa3e9aa154df61c6b9bc7aa374,1
0xb22db1dde941a13fba352d56d857a26a5eda1cca,1
0x96b615975a4017c2230e93727db65c7bf96cc2bb,1
0xc159972adbe3aef355d3ee18d12291df8413ee17,1
0x67744f4b07a3708da6a2362739cc0872e81a6555,1
0x79810f10140f28d2ecc94fbdbbef59a5fa9bec05,1
0xfcda163ed7c3cc87dd57e2576c26694e974bd85a,1
0x33914463964f994f093bfbaef4db18110dad60d7,1
0xbd45c0c21ad360df43ac5c5f84979b988eb6b74e,1
0xc7dad9bf174ef3c0bf96f13258f31202d4462590,1
0x3f15ea050fc03181f003d7d5ad6a8ae8470ef68d,1
0x8d6cfe2ff08d8b6766eaef33990b78f8990b4520,1
0x95649f108393a38d182e148f0424c2604cda8cc9,1
0xbee1500a2fcab995558cf0cca86b986b06f7cce4,1
0xde75ae6ca63d3ac4d2a04d6d9c07162f331041a8,1
0xb1068a9bcb8b75aa0b8279f609b0786225a8f3fc,1
0x0504aced77f859f8b0be73f864dd2f0c1019d41a,1
0x8125174cb26ff90b2a3b7a47a3614ab4261bd346,1
0x70210b9928a21102900dede6ec65cbeb2992dd50,1
0x26ce7a209ef8aeff7f6fc5a0d64b1412553a9904,1
0xbd88526a40bd28acb6761a238d7751d3f1bb5fb8,1
0x24ee3cfc053d13f1c2a395471cc305b3ba831d8c,1
0xed6618cda6a25482b99fe8bc70f039034575ee7c,1
0x51661d54e0b6653446c602fd4d973d5205f22dc3,1
0x166c9a16c8b9fda9d69950f2cd59a92b34b7954b,1
0xff4b5bd0820dc94b95fdd7f2b82f52205c800d0f,1
0xc7b85a9ccd23894fe34bb5462c4e902742faf22a,1
0xe5e2f0d52b8baf34abf28cc65634e28940fb3b42,1
0x5a6abe2b4bd1e178d984afa8630cd6ac212b070b,1
0xd9c0e1af68d08c8c00d418431e8c036662a82e37,1
0x42befeb4719d2f70d5e08ff738f8183e795b146e,1
0x7a93804a0304bb83d80c060f6838c126ddf305c3,1
0x08632358d3f5781cb2bae28da286aaf4ccacaaa0,1
0x57dd129276d327b11891b7ae0ba4ead59215b08c,1
0xebfb3b263f11bb1a9d6b14cade9a5e6c8ea4e07c,1
0xb54033a1f7e3367b95ef7a8bc349ccaf8604f9bd,1
0xcfd648eb66b736351f48dbd5a1752708371c10f4,1
0x5bf4ed7f13cd6441834aa0a1ad65d0b79d478951,1
0xdf947f1e3031fe63bd432f4e7b684dece92c0bda,1
0xc6c3752bdab737b8cfa174e6ecfa620ec0cc162e,1
0x22aa3f5d1daffe1a9df298e79a0cf2f98c1b92ff,1
0x8a29de9f06083b85571ee3eadf65f1b5c8bb1df3,1
0x22a1789dd5ee19151356a05cd715d73081d833f8,1
0xb51906278fc209710dd755212fb7ea8d4d423df0,1
0x18119bf8fb02203052cc530240ef9ff377f9c823,1
0x0dbfd05fd48d62056ae630bb714e5d9f2255b5cb,1
0x4839ab5e2e84cc9765e38c818c8345c5517d5d19,1
0x80915e89ffe836216866d16ec4f693053f205179,1
0x686e960ebd9aceb1771850444d4d3a7810a0dac9,1
0xf61030d320e71256a43ec22839db345d80ac84b3,1
0x4c4b8d30813a59ce6a3e590f745ab9815a206858,1
0xbab9abed42ad306ca536be9f095d41cb9ec26f9d,1
0x82cb7216fa4b46aac9fcf233da3712c6da7ecf48,1
0x46622e91f95f274f4f76460b38d1f5e00905f767,1
0x720325f6e2a7d1ded0ba8de8c77a60fca4d292cd,1
0x0dfe9ec2f57c3b95653f47da96b49861e4010b36,1
0x2f63c3f6cc7ab18c497d767036ac7f18f2e11fdc,1
0xf2626eadce87913c29e63b95e39552e1bbe26b44,1
0x62297ef24e02d70d20fdf85b10172e77a16f70b3,1
0xccffaf47449abebfd00a55aa34eaad5752f6f32d,1
0x5263d3df74cddafafa867d404a94dcb4e3c50661,1
0xaef48e7fb14048cc2438745165b6f72157d89cac,1
0x60e5299f49cdbc13d152323105af462071b22c87,1
0xdf849eafee13891d2552789452bd8db31685dfbf,1
0xf0f2dda4390ccfa0b5273c3f3401a76a2de37de3,2
0x4f13eabaf32ef4ad3837ae88fcfc6c69edba0377,1
0x021767dd74beef783fc28ad858048cdd9ed7e3bb,1
0x885cb1217070bc7e05661a6b2a906ce3d9cea705,1
0x618c7671366caaab6701f06ae9925ae682c6bf97,1
0xe256d7ab482d88b04d676652385cb6787c360078,1
0x9c31f5112faa5f8996562e2a2139988e3db63063,1
0x82d32aaec5b77528d920843d84cfdf45e84ae9b4,1
0x9080e7888c860f66af0aa251e6bb4121f32efede,1
0xad0f4b5bd7682aa7b87c94c4dc7671f37fe00c78,1
0xc709c2e280f246123d0bb72394bc79f10fbdab4c,1
0x606ab2062e1c5f2490b6ebc8e0af1e84f1e581c1,1
0x8b0996bd9573299908b7114ff55b1fa96ad86423,1
0x89d3ea225c3447057a0c165d1225427a323b585e,1
0xa47d2e68b8964a4c139dc552509ed06c926d5f88,1
0x61c112e7435b025a624e393c92d751229b93834e,1
0xde178a961723eb49654d20cb8482e54d46c58901,1
0xbebde280637a611638a8276d409d2dcc1c3520d9,1
0x5b8dcbad4df5e00c20c35a0339f12259ba40f2a6,1
0xca536f1a439eadb69643b850a198939bae77ee4e,1
0xb394f1aa30ba874df3ae6097bf4c2474b2d8f3ac,1
0x28eca43a0f5f8063ef3d51ddb9b88fbade8692fa,1
0x45288feed8687238b947ba115b6119ae1c6cfbde,1
0xb6ea381cac9da2de47c6a760445bbeab2b1db480,1
0x14b76991c8ecda8cbe4a5d330df992880a986fd0,1
0x12c29df62b1b254e1311bef777a37bf8c575b58d,1
0x97f2966a0ac90d24e80416a3cbaede5b66aa4b00,1
0xe96c3e1d842beccb10bf57c453b84bf75725241d,1
0xa1cecd5e4f6683189c3d4f832a16600c20e5b42a,1
0xff08d4d9ae7e2cd20a9c48c024b2e2a1dd8f7c85,1
0x49ca963ef75bceba8e4a5f4ceab5fd326bef6123,1
0x09c4eea8ad5e12e1979a9edda897c4cac13baed9,1
0x22aa9f365777486ad6f7743d639d56ddb850b2ec,1
0xd16091bbd6bb0f76241de83e4d496e1773089e33,1
0xb6d19afe6de6c1ab49b964e202ebbf6b8e590a33,1
0x873440b72f96d02cf2b80890f111546416b8aeac,1
0x25654a303ff5eddef9aa8c4542a827596de9a465,1
0xe681e5232da0c9ba5d28e6775bb3b6945eaf50f4,1
0x814ccd3404dbafe6285a0f63b12d2ac45ad86b5a,1
0x7485ac6d8534691993348d51ab0f131a19fff763,1
0x17526dd2955c6d7b4450bf066d196d7001e70804,1
0x04feac68a244f7ef661b53860e328d56120744b1,1
0x9df947cd8a9810964473339c38a95201ecbe112d,1
0x36885851f71f09a087039260452e4756af87d9ef,1
0xa0664d876a0708b015acdfa8df46d1f47e068fcd,1
0xe1d8a566721622f88b38e4b81e6424dd19822f90,1
0x161a2562960f75d92fbbacc6abdc23fce9e571b8,1
0xa4c91f47457643b69fa7e743a75126c563e7acd2,1
0x30141c221dbbce1168bd4f1a6d25fd4b10942860,1
0x3cd76a7a90e0f6a7dfe6791a54ec459acaebc5ca,1
0xac6fdcad572b38e9a8f272f10c98e5842b91da4c,1
0x596ba7a213229faf66304fdcb7f0576383715dad,1
0x24da20c1f6813e4949c9dd5423b0814da1e44e16,1
0x45f019efdd2857dd44f74c51dee37f021d59331e,1
0x6dbf4c620c8fd522c5f3de5cf8ef12394dae7170,1
0xce4aab9ae60a6dfb273fc29a0a880d83d7b1105e,1
0xf1c6736aac927fdd9f8b1e8c58463262aac6afe2,1
0x05b00d69d50426020749e1e1c60901e129d3e43b,1
0xc0559b4bdd09480464f9f0a0abfe04e0883f0299,1
0xdf5b0e3887ec6cb55c261d4bc051de8dbf7d8650,1
0x0a327ca208535c9ca44cad4cb754cab9a9e1c0b8,1
0x6adba05ab489f2bfdd050616ddeb04598555c09d,1
0xcda7a2e97f4cc081e83828c81a95879784add372,1
0x9be65289cd8a97b6f06b83673bc0bd33af6f4985,1
0xcbb10ea89a9616174981a1b5a95aa9092ae4cf23,1
0x7d70b5b638a2af9816202880535c8fe8f1fb9772,1
0x8929cf8b9acfb5f1a6156e67ea573a79f16be090,1
0xda913cc4d779082876ac1f6468e7c0b27781d4d3,1
0x8f29692d5b7fb06893a8afe4a2cee506061e3a96,1
0x8808528b90944d93fd2b5c79fac546259eaf7d1b,1
0x5dd47005f8a429b228a5d30b5345a1b64fa78c0c,1
0x768f9b057b70d50ed439220a6ba5f3065b041609,1
0x5d904c98df910e30516a3520d7ef4b601b73bf96,1
0x3ce8c42817c045bb83a17f2a73ec31633808d977,1
0xe12a3415ea8f8c2096914ff490371aae86b9ed87,1
0x5d53197394f44d8a9ba7a6f747ea1d2155049b6b,1
0xaded433c89885ad84a8822268def8c92ebb8b52a,1
0x27bc503afb91d9e7fef952446e6ae847f4963cd2,1
0x48f823fd7f5fd781ef2da1a1e53a92d0f45ca176,1
0x7c8d3c250acc8d827ef50cad15a8588cd652f9dc,1
0x2a09861d6130f52f94b409b3183515cbde03b0db,1
0xa9b86a685287a95ce8ee4cc22a8baeabc3d0e472,1
0x32a0e5b656c2777d0f4d1f834e097d76505c2cd0,1
0xb17401e2ee5bf2eea2a8d5b821e980d100b1377f,1
0x4eba712062cb51e1aafbb7858485b5a86ec91cb3,1
0x873dfcbbc61ef7ebadb652adb98df9f69399b70b,1
0xd5b1bf6c5ba8416d699e016bb99646ca5dbab8d7,1
0xf01bcb0090cd0f734688ce77ae067da58e9d8005,1
0x49f7e12f7b780b8856ef09986b66aa6bfeb39a49,1
0x128e151b59181e923b0fd9e82ee7a7175fcc6c2f,1
0x0bf8897ee519fbfc60e70300c1eb51dd439ba5a5,1
0x91198e5b88051d7d61ae43f322641e6674697af7,1
0x6a48c565199307a9bb1449daaab21a2d2f632cde,1
0xb60211811a4977b5f4b65a1d2d27a2591d73d1ac,1
0x37b07d2a7503ea6f394a3fcd48b0c38018f92880,1
0x25120c6122ee525b87e7b58cacf8a3f74dffc922,1
0x01072faa900f4ca3b40944ca815f39837bce193b,1
0x2295fcb7e16f6f2f2793f1b2846caa4c94a52c90,1
0xb3729c6d8924863327c35aa396073120eb76686f,1
0x1379e1ab7a6808827b32c20931814b426a537c85,1
0xbb1ec73938b9df4baab4f5c43af96385a862811e,1
0x38f1dfdcaf2f0d70c29d4af6a4aa9e920efe8b18,1
0x05e07f4bf676bacfd8d211895cb080e5711c0a24,1
0x4ca19be8160cdb78176c89204402888a553bc83a,1
0xa1486dae9f01e7da3bd8efbd12af0e1be1c73b60,1
0x9ea50708e47a237182a56c481a4d11dd021b7ec2,1
0xb27f9f558695ebe11a54546a055411bb7464df41,1
0x8d9d8d19e396dda0250eb9b0eb8dd631e612190f,1
0x225d3e5921f8581839ada55d56497d521f01e587,1
0xbae03fcba11825f680927750a33532e01fd60c3e,1
0x57be31b403ed3dcd8033a19d85afbdbb8ce3c3a8,1
0xe67227a511ba916d7cf73be2e2d46acaae3f4182,1
0x9a66910f8a09ca9b10436b802c5b96f8e63c1af3,1
0x8a0c391ed12dfbb23d4a926a7c7353dcfcca8a47,1
0x2aef0a84308fd2f40eed5260b126411e371e970f,1
0xfa766f029e703d341cc5386b9a4cf4d52be3b6a3,1
0xa32f735fee61c1707188588b7c08263e60f3d125,1
0x2e7d0d8e1912eae8243c557bb66196fd1c8577b5,1
0x7b1c6f103c0851173f1c343a7e34d2fd1d5bae7b,1
0xa30cf7f52afa4492b1454f8f8c38e7f10618f1bf,1
0xcba35e68a8e99cd32a31e37aa2e57e2eaa727c1b,1
0xff8aa25aa94faa65fb6e3ed72159709c4a993bc3,1
0x8fc54e3d572012099f3f48369657d58f653e92e4,1
0xd0b4045c2bbf09f41e460b6ec938db540fb23160,1
0x04173063c0c491470b735954790f94ed307aae9d,1
0xc7a1e3a66360df3f5324afe5f54db1332b5ce28e,1
0xa8c5115c8e44351b2bc2d401a1f033bb45129dc5,1
0xde70bdf7dfe13614d281716813274380a59e3e5d,1
0x5ff5afd7dd401f0283973d5c8116747a29fa5812,1
0x63452484ede33876ea5e18f7c549cf183e31d352,1
0xd769be44b62f4ee8b1d93dfba8ebc252b51b0ea3,1
0xcaf94ad5305d51f5180d774698859a3c3c6f7044,1
0xddc9520acb5d1923412674a4ce07bb2e32ff0ac7,1
0xf6dbff32fe8308fd30def6c8629dffa5c315245a,1
0x33f99cd0e3c56a6852d4627455296f30f2851772,1
0x08eed2c77011faa1da376c5fd14fc33825053554,1
0x378bcce7235d53bbc3774bff8559191f06e6818e,1
0xcde7970b78ee805ff4b0c32a7d3f23e40bcc9554,1
0xee2a4c655ea792d92f12a3caea21188be6dea808,1
0xa73bd72b4bf7875d4b4d53581bef3e0eadcd051b,1
0x0c1d244c3b60070b92d5f199a5b5575a34ee408a,1
0x4b0c1beea2e8a8197fc48b0425a50a7204412989,1
0x65a5c6ba0f55c1c0e333bfe0db783aa07e8310ff,1
0x89e5d091b22892a510700f56438ca23e424a4260,1
0x1adef8b7253c43caaf50500913d422ae688367bd,1
0xf36424a56aa6cbbabef69534e64c2f9c93153024,1
0x7c00c9f0e7aed440c0c730a9bd9ee4f49de20d5c,1
0xb44c873fedf6606757a3b76f56604806ed620d49,1
0x7968f135d89e0538f2d74f5fcf2cdf4aa1ab69da,1
0xf59baccbacfa9c87970a6ccd52af8dfdf87dff1c,1
0xe61c204d9ab083240a7c8522e636298261ff354e,1
0xf1093386e43cb183b041be91bab769f72ec41a75,1
0x66a71502515e87809205188932dafb640d18b87a,1
0xa7e1857807ac1b434f11a398ca4a0ca5e433f0e7,1
0xeb5d5bd750ba52b8ea39d4dbb746fa5cf981aa17,1
0x15bd2cbaa3e06b4fe9c1f7938521c63a42fe5328,1
0x6feea4b5ee60ad140a0d7b0df2d7903ae865456e,1
0x0eb91055214b3994d2bd6b3c3b84258ec2b79602,1
0xf1133ca2ff1b4e5df7121566c0520199f8937e78,1
0xca288359ba6319c7e7c7377a670183acb3781cda,1
0x43caf87bb1f32a558a4c89a04a27b66e943c6999,1
0x987bc531a66ac7443ce45db69e6e7f08e91ea7e0,1
0x39d4051256995f8e7e2c9e383e73d37b44ccc2ca,1
0xba9ae18995f5cfc98196850d40b58445c08cb485,1
0x24d6ff72eccab41724d488a03e8ea721ec3177a3,1
0x024d8152a99f77a042865ee5429f2af7ddd228cc,1
0xc3a538864600c21fd57eb45cdaca0f1665dccd8f,1
0xf209c21d2c29f733492b6cbf16105a4e43623e1a,1
0x06ac3ba1a2ac0e20db2660d0fc1f88b434f3afb7,1
0x97dddcbb6a6209cb02432b8d7a6e3aabb0372b8a,1
0x2d19d78b7172464f295c200b18225f566899f2e6,1
0x2511a7ba553130d789b6c3aec620a8703a581aad,1
0xc589630a48c26920bd1deca9dd522aa547380f4e,1
0x5b795e7f571e98afcd170fccfe825574109766b3,1
0xcab4649dedacae63bc531c494a631cf1a6f9fa1b,1
0x48f044229918cf94343b6a37f657998686d7fd7c,1
0x1688ca553e48049f192dc727ff14414bf1524243,1
0xead90127d60f78f3e97781938418004be1794eae,1
0x7f86d25f106a32a25567885aee9873f461775617,1
0x62c572a9f3ef103b0a9a1ab7b70933b6c92e7cd3,1
0x8fab272c02da4c2191c7067ebdf46bc0588480c6,1
0x6b0fb37210fe1cc00b164c8a89dffec3c75cea31,1
0x4cbba098a091a53d7402bc84aa8abc5591ed9fe0,1
0x3ebfc827eb01b07122366efcaffa2a936b914c02,1
0x6df382c91387f616168b16b45b55df7fb19f51ca,1
0xb457c22788816f714965e1a8b63e2974825f2cdb,1
0x1d4bfeeae08be4069145460f8f765fdb6332bc90,1
0x61e8c16a67be3c0d16e8113a688ecfc963e4503e,1
0xfbbfd2233b0eb59ecbd28126bb19bcca80beaeb9,2
0x34b93462e65303f3857460971584fd0d908f2f45,1
0x058a520e596c5d44db4e1b2d429007e18f6713c2,1
0x09309b99f3b43648734caeeaa752f77c679a2918,1
0x08a9ead5bd9af49a1f777a9f15929871abd684c3,1
0x6ccb4330e5cdd4e0f5bbed75b7bc0f3d92e1da9f,1
0xdffd933cead5eac96397a0c290c5dd715366bad5,1
0x82f724dd0547f1962bf062539c33693154cae713,1
0x1d05a2ec18c7d4707ed4cd40e7e76a680e4618e3,1
0x1f9f7531a3d5102f9cbafe7425fc945fbf58678c,1
0x3e3a02950c06ccde893d1016cba219f0d28d014f,1
0x793e48857f3ccdfe5cf3c504b6dfc7e8dab5b0e1,1
0x3245d30c08bb3629d5848b1a440ab8b040eab291,1
0xb31ef912c68b1f52b693d7e23dfa4a7f22f209be,1
0x988683b8cc7122dc0bad834c6e32eb44097220f7,1
0xaaa9aca0d2aff48aab572de4d24088a80f2ae452,1
0xaedeafe1ecf674c40763f883be317ae6cfa0dfff,1
0x483a124f6717ad67440af11a77dec25f1a3d1259,1
0xc947a80884c307bad745c82c078099725bc005a0,1
0xf98c3c402f9db363d92e9bb15afabfb9c0290114,1
0xfc1dceb7648510b54cd3f0e19288a1def9699833,1
0x32ec6febccd75bc19d00bcb89e3616502a8f177e,1
0x45c3d26097f723658860a5c8cec8e06ee23a9014,1
0x63f4c36bd548c3ad3dd18364c987e9a062a330ce,1
0xc424e4642e0bcc09e545127200ed686d3869ad88,1
0x36a0d4dca6d768333f916368b73bc689438e18a1,1
0xf61b873a21d767ff0506e8b2630c4dde7216035d,1
0x9434c5863837829995fead4d1ad0b03e043f1006,1
0x3457d2aaa857fe5c0574757c00ca8df5c0a19fe2,1
0x89678c9dee8ea64b42eab9d235d1f2b28e23c40b,1
0xce2be34e2951684942c706b9d7e5b2a8888ef7b9,1
0xc3dafb0f5cbf4e857a0151b732f54d2410209a97,1
0x7ac4c950e7d8975e18e6626931c9f6e1b38f2683,1
0x5ed0f666e6c20f5eeb2214514b56df2adc47a0b2,1
0x8cb439e29790550d7774fa076d7940b1d7842412,1
0xc81635abbf6ec73d0271f237a78b6456d6766132,1
0x29341e12ec5fcc461ddd205f45eacd0caec2603d,1
0xe69cae620953aef05e9276f35a7d3cb598bf4b20,1
0x14c3681d58b4f1c17735b2c7f90a8463aa51eec7,1
0xe760bc1d8b3a8cda9ef23708bf10aa1c530119f6,1
0x1d14bfa2fedcd3f4da56d42e97582f614519d075,1
0x8212642c68a030bab8e4e8d43952c7c4c6cf2903,1
0xa81725fae8bb3930a95debb0adeaa184b5e9cc10,1
0xfb1bb9d4a4c50457d339a686212a0716ea0adc80,1
0x35fb72d1b0f2c6945d019bedee3bf0b7b51f3073,1
0xbfc956645c65ebc3fc7010c057feafde57ff05ca,1
0xc14480bd7bb6d36377c75286b80452654f5b7a79,1
0x87cb21babb72d71bf3219a848704061dc701c835,1
0xa5855f4f40a409ffde3a171eb616926aec5d7b9c,1
0x6e63a4caeccb4f341ee9c9175c9cc554bdb6d10b,1
0xfc58ab0c3d7810b05af4b347653dab8187e22c1b,1
0x74619cfc7ec552e5051c181f49428ccd154256f7,1
0xbf265ca7c7ace01469959aad580171ad6d43d8f3,1
0x5bbb102049e1205a2a31901a377c7252b194b294,1
0x854fb5e2e490f22c7e0b8ea0ad4cc8758ea34bc9,1
0xbbc56aa6b885e28d4822677f6c25d76cc2856c2d,1
0x85c0c90946e3e959f537d01cebd93f97c9b5e372,1
0x79e561168835c783240a0637320d308897bd0922,1
0x81b9a5f21efdb5df0210471b9a94e0d4ad9951ed,1
0x68a7ac13477aad590982293feeeb786a00276cf2,1
0xe26c736b9c0a65bab44565cfb7bee66a81197c0d,1
0xfe6c92d283fb88c6a1cbebac4ef33b1cafd118d6,1
0xbe9d7f6dd755875cc1e8203dba92c92e871bd9c2,1
0x3204010a20b485ac98be2d1b0a6137de48b42410,1
0x446a6560f8073919d8402c98db55db342a20300b,1
0x54a51069a3d9a059a83a28faedcf4bbdbbbe7d10,1
0x01d6f0b38e2814dd8ef0163bfc05492eb7ea9b23,1
0xe13d4abee4b304b67c52a56871141cad1b833aa7,1
0xad9a3c7e12c568100a326dd5c216a7e1e82be2d8,1
0x3d5296326f1d61afb52f01eeb931a0d329e24b36,1
0x0566295faf52797d4a29e5b78bf28e287e4ca2da,1
0xf22742f06e4f6d68a8d0b49b9f270bb56affab38,1
0x4313ca73355b0b098a78d406b42a0d86296bf0f4,1
0xb4f3157f77fa1903886b3207140f6150f35ea7f2,1
0xf7008f7d415f04e74bb2460deb800608aa991c1c,1
0x1a7e6c5a59f070681640d59222757781fe090b89,1
0xef8d7e154e6ab6bd5c73d18fbdc5bd1d7e0ae4bc,1
0xc31ba2d3275a397c43b1a4ab707cd79adf310233,1
0x7143f19d9df476227013260f015b06359918ef3f,1
0xefcc4c68e1ddfaa4f0fa3a7479f0fb082f96a56b,1
0xabf107de3e01c7c257e64e0a18d60a733aad395d,1
0xdffac8814ba3184c79fa2f6c465feacffa0a3a6d,1
0x2d421236ffdfc6c3edd2abbea671ca3bee05660e,1
0x99f230a1a61044cf092d0c9cdea53b36f6a18904,1
0xb7187511a0a0f5a63a538b7bc0abdd1a01979848,1
0xe6927cfdedadfe07928f7ea31ce1166ae8217c34,1
0x7841c102d8d13c1f78c0d942e73117cdc6119697,1
0x59fa71f26e764aa95030b9e58d5301df83214c71,1
0xa7c85ce7d129d8bac5b325b54312d6196254f7e8,1
0xf569e5fea87cb45da33ab8246080c73c50ccd950,1
0xddfc9f53ff7a0d0522d9510348d162479377082b,1
0xdf2e06c29cfcdb4f1231504d2116da7bad9395ee,1
0x7cc696a7734f459d55d1b4d716b1f56416f0c21f,1
0x79715c9b89c43c798743735ed136dcaa3fd410bf,1
0xdd97c0870ecfd9a59fb06a5c89c4a33860eb99e4,1
0xd530282d853169a23822762af0dcab045d6295d3,1
0x0e0b904e2940a31576326d2f335564b3c85a8afe,1
0x84f9aeca6f9ecaca340bd9535b4f642ee74360ae,1
0x80a9984edbe6abdec72057add04d14b45c8781aa,1
0x927f5512911533a526a4ef53a3b959d64af1c960,1
0x8df962bb69f75e2388f39297a85a31fbd3fcffd9,1
0x6df000635d86613626c5208d7c9d71b84e091220,1
0xa23840bf58c453c2236c6fab313dcc37887ff1ef,1
0x3b63410fadbda0ec0ba932fad2997edd7a842679,1
0x144822a06f8eda20012f1310b51dbeb1bbfbc139,1
0x76977d13dbad4672fabdcc1b2c739f5230d8c2e1,1
0x17b2d1911262b9cda80aa5354a1c13ee9027ace1,1
0xd73bd59e7c0d075c9a83cad272cf17c46f7f2784,1
0x734700e10d952207966f78d02f79bc9c14e13669,1
0x6b1cf6d736c107630c40c7ba7bb652821f6dd6bb,1
0x9b25142253717e120cb77868b8a805d56ab62369,1
0xaeb23fa327411ea08495d7d695aa147a27ebafb1,1
0x0f82f6b926d26621ac0acdaef7c0cf461f6430fd,1
0xc087195a816e1f247f1865189d76c6be0aed9982,1
0x1a51bcbc8d3642680d8267550f54e6e4cc5c4984,1
0x7efbdd57601b9d5e98fb325f32626ff90aabc110,1
0x1df704319b7fd6ad0db2b08081ef2e9c8cefd8a4,1
0xe39ad57a33244300c2e0acfca24292434e2b9bae,1
0x311a9ef07f16ad45e6aa6b9787e0e173e3ce3623,1
0x8af6e15ed513b5b73573f58158b1b0bbd5085ec7,1
0xbe1ad586f9461ff4e1757f939b8cc635a43fa63c,1
0xbffc0e267b58b4b9d14fa8352bf726011a485022,1
0x12695b57d5dd974f989aee1459b478d7ffd5f626,1
0x53314ed80d217744eaa3cfa13fea6692d08627ac,1
0xd3e16f659d247c7e7f427e1b53ca05992daf91d6,1
0x35c5b5cdaa031fc012300dbd60641b1dda3b5b1b,1
0xa0b4d4f530c77d05f6071d1cad416ce0e48669b6,1
0xd394cf7e0c9f7c89f81a2870c576c1910974047b,1
0xd2ea8c9440b63fa16e0e82ae96b80ced580bd8ab,1
0xb2445821b11f9dd741623f61ae88d6bd0886300b,1
0x72a80114df86c9e16eb6e4f64f27a4c5c06e8759,1
0x5154dc7b887fa42c9cc63631c6068b2ef9b436f3,1
0x526001811633dca4d496f1e07db2c81028ea3622,1
0x9760c4f7dab955ee2b0b6bb7dce696aa5e87b6a0,1
0xcb45adccd82d5379124702ba72904a43a5b6f584,1
0xe761a9b9c149f6d3e34a295ff4695b729890b848,1
0xf3e1fe32cd553f684ed28f66fd87144eb6d770b5,1
0x9478c744401bb8b130d542257dcf632930883b1f,1
0xeb6ee7076521f9ef9da69705426d2335f27c5168,1
0x137685069789517dc47e19f011c9196cd9caefde,1
0x621fa2a2dff1012ce2989e583c407d060ef59754,1
0x06fa75bfaa972845e7d78a6d928357f15a341d6e,1
0xdcbf46cbb479ad18861b488acb13af096ab88368,1
0xbd5224f9509c0f4cfcc99296dd72196661fa8d40,1
0x1986521f6caf7e3dbeab041e0578c62da5dd11af,1
0x6f700e6e498bd11e4c65e1adc2035a398990619e,1
0xd35c49a60f9d5fec3ea2c43616ca0e2dc84a7af0,1
0x2aa13151ae4dc0579de946ca8db3341b707edad0,1
0xd4284c8cc59941565f1bf687209cebbba6da1d5a,1
0xda5f988e5fdc51f1a5d72cd6924671709615af16,1
0x432bbc3810692e6baab69cbea162bed134dcb87c,1
0xa7f66d3ff024e639191c89170463b6ac4ff1478d,1
0xa6dd6053688e8d89aa923abac0e4b3a54fb262b1,1
0x54f2a20e81f826de41a3eba33c5a1a839b0cd5eb,1
0x5bd2b53cb6b51b4bda9a23ef46b76a501ad12e63,1
0x3c41f73374eea8ac6ea252cd44f808a400562b41,1
0xe5b545c8f1c6a9ecbc53d78b3a2916fcf065bb43,1
0xd72508badc98629e324496180322e70ed2e28ee1,1
0xc72f40a397453051349f73cf2e2a04fac06e37a3,1
0xa93450b6e8300071e72a5da104c7bd5ed4e102c5,1
0x3a30fa661820bf261b39f41a63916cad97b20e60,1
0x0f615319d7ceed5801faf6b13c9034de9223a3ec,1
0x2cd29cbd03d7d8ca5d9bac1e5bd8742ea5037bae,1
0x48986c0ed1e324612b66e149f808efd1030723d6,1
0x1b8d65dcad712e1d0470fa8fd1f00956c2bc43c1,1
0x0b983c0502ccb2dc598847b467a1b36c1ae8d8c2,1
0x31eae19c7737925fad2ff2f007ccef3c9a7e2239,1
0x8605cf36085697fcda20be5488df08f407f73430,1
0xa342e537bea996a2c96864c31dd9b3d9e40eb2fb,1
0x77777777174870c5067e39dff228d2db44f52b6a,1
0x2213431df63f04a7250ad16be1ba6de0695e3da8,1
0x8933b1ae99d0a3b80c31819069be820b0e72b32d,1
0xc6eb0fbb058f6988fb6a7217f8089b89abd00b4a,1
0xb5f31eb9e70f88c5997a243dfb59b7097bcd84be,1
0x563b4e3be5452bd01852dc5e698ca4b2392d1200,1
0x44b51387773ce3581156d9accb27849a204f31dc,1
0x4525b5402a6d9eefc656e828b9391aa9dff2446c,1
0x436f0f724b69dc3af93216c46d95822430967aff,1
0xa7abf57fd7a4313080f018e2914912b1de3b9085,1
0xaa5f14d65fab75c2b9241888b6e437b61e3acf73,1
0x926d2562cd25e2a8988449f61271c19ff65d2c04,1
0xe4d3cbd20bd9ab79a70a1612853154cb80b02961,1
0x44148af0432145858b6aab657f64c6314e52a570,1
0x2dba88cb3b435f99a3e58b6e0fe450e8f1a3f20f,1
0x36d82162eecf862950080184d71832170e2739e3,1
0x053e6294400a9268e35df445624f58087c7f388f,1
0x9df2fb10b4cf836699386b5474b9103aa8b99f51,1
0x315cf00ddad9990dd704cc46f78793eefddc0e8d,1
0x70f1ec364c0f006399c26bf73037e39a7443ea63,1
0xe5ac1019915f2e25c0542ca76f0b916b153ae48f,1
0x95ee8b32aac20a4ca806d801774fc5e31fece7d4,1
0x1e4943525446ee00aa73a9b12b1e7df9be175561,1
0x5be8f739c8ea94d99b44ab0b1421889c8b99b2e1,1
0x3f1eec07438d8266dd5198e5a3501a7d0a6156f4,1
0x5aa71418ac6238c78ea9a032a768dbbbf86bfeca,1
0x050e55ae34c8baa658305f084ca8c5d3e1db7092,1
0x32c880a0cd0a0c1f4504458f8388dd771d39bc69,1
0x11c03b0e147af0e527a7f8bdfec94987fc5c579d,1
0xe3d9a03a6422b56e7097ff41a86045683f0aa150,1
0x6ec2997cf35457daa9de4cdc989c697d921b5285,3
0xf7d0c52f291cade662d493d3ed7b0ab73528cb51,1
0xb5e7594ec5c93498123571dbac1e7c1699afb768,1
0x7bd0492cf724a7ee158c967aacc95bb41fb00b0e,1
0xbcaeb5ddadbb3ba2880b19d254e0cf5e23a68917,1
0xbc8cc8b1fee0ed52dea5acdfd0002c2a679ff13a,1
0x376b682dcfc0e7eb383a5478c551325001784d90,1
0x31658df07a63634fd15ea2ab8ca6a739cecc0a55,1
0xcfb20378008dffe381c935c16efcc120a41a48ec,1
0x1e39ebad76f75a514ebe5432f4efa2e8e50bc52c,1
0x270ee8f5a362832b21569a0c1afa38798a9dbf69,1
0xe0b685bf93818ad568d67692dbb1967bdfcb9447,1
0x72a359124243db238d512cd5a7c2b5c2344b8369,1
0xa6ddbccdbf36bf20e499afb82e6a8aade59e8af2,1
0x8028bfbbb68ac004e0704161cd080409a8cf2950,1
0xb4fb5f99e1fcafe096ae5574c7005f602960489f,1
0x16c3676077017b856dff4514170332abd7dc2729,1
0xcf9bfcf8c34930933328725c8958f36d709e9496,1
0x1cb3acfd25eb1d1db28ae60cbb78bda352297266,1
0xb3b0dc3f6c731f2d2d96b284661757aee2c5bbc5,1
0x6ce4235c42e803eaf8e25ebfb6a6c3b35caa8192,1
0xb69dba94937c95fee52fe351018d1115e86ee992,1
0xa3c523365e5604ad806c1c599c90aa9ebf7a3277,1
0x80ec8c4e035a9a200155a3f8d3e5fd29b2d8ca42,1
0xe529c7121fb6aa33273c96bcf38d4ddc66c7ce66,1
0x365f7b46973f27740c08a077b66ec810cab39306,1
0x1fdf89dd0eba85603cbde7f9f5ce5d830ffc7643,1
0x70c9786568ec1cad07b0b47c24bb6861d4cb5613,1
0xb0172bbe75db0584eea978147a70c9737d5cd8cb,1
0xec43b0d285d6aa9ee12a53a595bac77d6b930ed7,1
0xf44e6fc0919641a6cb666575e660b71c84f6a725,1
0xb1e9f7d2c285ca1446355f267c021f5bf0155749,1
0x46d6d5c1cbcd80fd8d5f880a28389091a9b15690,1
0x58e3d079f9ea4cdc913dccf576361f1a5a6b6571,1
0xe3c6ff4aadea6ece501002a6252bd8f42bdc9409,1
0x4d9a5247dd5929dad22df9b3e345fec7f3e30de6,1
0xf35acaf05e8cacff748a4fd2127786eabf60f24f,1
0xcc850a4f5ba7035b62dff2620e563021849a47e6,1
0x5f5b5a6b4661c2a4280984b3921ffd3d58bd42f1,1
0x49ff66d90c67ca99feaa5e8e473396d5c25aa71a,1
0xf5cbb183d0d883ce8b4a1964e4ff85b4d5ad4746,1
0x00a7f53d5a574a71ad23fb85f18f3b4c5a21ef54,1
0xdd4dd1a8fd014861a7a705f31f0dbb0528043515,1
0x099f1d0a1f5590d1e98aed51dceff255e5a7cd78,1
0xe387c12655300f083b188342685b4203e9e3098a,1
0xffb8a15dc8796af3e7bec74e528f1bd810b854ed,1
0xfe4b4481ecf8a0c7c3376c578384158c02dfa64b,1
0x1df4b6d97eb84c007f52cbfd942c987a72e94ce6,1
0x696f11e949d291743d544eb4447fc3eb4cec4393,1
0x9d7e0a8bba1313fe7048e4ca4870ecafec13c416,1
0x24af5c841451214596f1cdf94e56b54217ae91d8,1
0x1951429db875b8954776a19980dc7aa816fe9402,1
0x64ed2178bc37031140fa32c74c205fb1428cc245,1
0xeee899b6521db73e94f4b9224cdf3db0010fa334,1
0x33569c101562e1faf5b24581057e5cee4c8288d7,1
0x9abefc6735a44c866eea45aa5bac508fdc36cf47,1
0x895f4d750369f5b28072521eb2352b7b808043a7,1
0xabfb849eedfe3a34002372e3e1a8ed945d28a02b,1
0x927705d26bd2aacfd0ed7492e8e21a86fecb4d1b,1
0xf3290df945e484a4ff846fb5baeb6d1147a7aa69,1
0xe50b4f9f02d8cc97e9f80184842bf8efccbfa020,1
0x8976621ddb09d0e19e1d23eb69e4e8bdb5c1ab57,1
0xe15a6803c22a7e7ca21d0d3b479b19168859be1a,1
0xa73769aed346319287410811639ac3bec8464d55,1
0xf4363de08eeff1ec9f8d74395e6b362eac339b5b,1
0xe7fcb46cfe6b2c6af95c268d09462f18d07231ad,1
0x2a7f630627b6f98a939cb6077a044921393286ed,1
0x88885b8ec139eaa41377cb3677ca8bcb49850301,1
0x5c0ac43fa40cdbfe6d86e9041052b2eabb799227,1
0x7624a9f5d20767efe4f7fd8b7f7242e4ac682a0d,1
0xc3f5c46f6b7876fbc60eb24517780e41c8583b6c,1
0x82d8e20bdc15dcba70bc1bd2024ec42334141a54,1
0x18799f860f9adb26e076d581603037f79342e0c0,1
0xf31781b4811b737e66662997679fb07dacf63355,1
0x7fda1f3307b6e1fdf607747e7ab047ff16e55159,1
0xb29479ef88dfff8dac466cf6c716e7985c4241c5,1
0xb74ea5880c2a22d508eef4a753eee9b85d512951,1
0x4b7bc0032accc405701324d72fcfbfcb7c3cd763,1
0xa60bee3be7d40ff6cb0d166dde96cc315ae0d39b,1
0xce40daf73399225724324ac04686f731766bcee9,1
0xa199f8ffecafa4f3d500d3ab1d1c8e0b49c9dfd0,1
0x54ace8d119c4bd7baf11f750c690e9667a80801a,1
0xceed9585854f12f81a0103861b83b995a64ad915,1
0x68b7d402c6b3c797974180cf4c7ef71846eb81bd,1
0xdde8df9a7dc9f68bdac815f493d1d731de911b5a,1
0x36c246d67dbd8c5c2988091bd6626440db5424d2,1
0x5e03049843e8ec127694be340ea6f864f315a5aa,1
0x9fce6fcdf1f17821deb1a7e078c3c7941ec465f4,1
0xe1e1c69d71dd81dfac922ee18f9a2fcffad337a9,1
0x920722ab0afb4b3e65329edab2efbe6fcba1b15b,1
0xbc94e04a219ebd4d12b881fb0d6ff019d15a8885,1
0x12e7df22c809ac3fb4a4fcbda3b492ee9e5bf93d,1
0x632152c94561bddb4270dccee389cde49ce3e4c0,1
0x9703aa21be38a31ef1745eee8f297e118ad53853,1
0xdf95a9ca4f6a7dfe2576ca99d96417a62deb2e0a,1
0x1c22e514203bd6157c7db84c616f3746bd03b431,1
0x07b24ba3e50be7b4411138823176f4382163d59a,1
0x02d2731dba8769765bedff6272f326b0d00506ce,1
0x6eab20fba823777323112d772c30b3e9f0abedc5,1
0x319dddc9b8ca2f8717b1b2fa7db540e3290f049e,1
0xdfdf1845befa1dce09cd171b7b79b460e49cf80b,1
0xa266b9edf05b39a6d2bd9efbe1d5445192bda55c,1
0x74e225269effacee134aadb51aa135ad066f55b8,1
0x6215e708a7b61f5ed49642f692f28ba09b807725,1
0x226ada63efa09c08c26af852a6f27b91cbbd7bc6,1
0x9ca69c07e04315a8b0dc95156bb038609564a0aa,1
0x81ad1a19187f0f3444c0f8bef98ea49c1b9fbc03,1
0x4435bc1299b1398fd58f129854de26d60ead6ab4,1
0x6e3258ce4ecbb70e3cb18692d24e82b675d2e2cf,1
0x3215d92f7f2a9f135df283202bfb713c7cd572d5,1
0xb34048e2c59bcbd9c128ee6eecd61164c56a58fa,1
0xc88d3f26925697931b4efa72a3a8752a551568c3,1
0x29e2e562991e4fb58c0545396435d5c121375621,1
0xcb748f312b8e0557587862225697aae325052f7d,1
0xbeaa41a14d1553914a8bc582eecc04d28c8d9873,1
0x0296edf4eb266dce6e3cbf44565beeb4a500ba78,1
0xf0d6999725115e3ead3d927eb3329d63afaec09b,1
0x790c60d199c9395dffb605e39a357c4da4ba9deb,1
0x4d8eb365bc03225e74bfb90ada1c2ada2b6cb8cf,1
0x89ab3525dd9d3a60f4ae5fc5f2a633401c8f8a30,1
0x96acf191c0112806f9709366bad77642b99b21a9,1
0xe7eb7bc80fb29a04be374599f342d0c381e4de2c,1
0xc9a179f8b002d047cb909235e307c7b3ff384378,1
0x068ac234248e886cd8287d90fd750732fa68370c,1
0x1455c646ccf3d466b97d0317e60bab32c6a3b1b7,1
0x588d9cde619657b06ca4d5cf4852c0f8e02477ee,1
0x94de7e2c73529ebf3206aa3459e699fbcdfcd49b,1
0x2bf308d324985dd121c366fd3fc398ec19d6651e,1
0xf416d2d8f2739ca7cf6d05e2b4ad509fafc42f78,1
0x3f1b2862d959961c8e0021991320bef9a7d506ac,1
0xcd8b72710595c69019c109aef5b1b92eea7f995f,1
0x36920e436fae6365fa495e943c891fd6ea64459f,1
0xa67077ec8f947e8299335538167f625f3e407fff,1
0x49d88ae128da4d3332ed2e4e45212c2142f24488,1
0x8c01de512c9fb73c0e9fccdc1ae4d2644db65030,1
0x5b1022d859a46f42fcf24bcd8f5ab616e52b4800,1
0x3ef5f421e155ed29e6fa815fd875bfcd5f22ecd1,1
0x4a6da59dc4aa1a209850f63b637abe6f7bd8947e,1
0xa9d2028fa0825134d1155bf41f17c04dc8d182ff,1
0x5682659c51de85a16f8a27f69339c01e61f9adee,1
0x32417953990813ea6a135152d699e7e274735857,1
0xe048ca2aa2b5fe1991487bbe46bbfafaf4234402,1
0x795decbd02bdf9b0b5f09f3a362b927c4c00d734,1
0x4dc574c1a6ccd3d85dcecb6bd8b600f2fe8a2643,1
0x432461e992085f5d4d970fb0a8be85cde4a32b62,1
0xce20374e3647f4d5392336d84241480301275e20,1
0xd0c877b474cd51959931a7f70d7a6c60f50cdae7,1
0x8d7f598347e1d526e02e51e663ba837393068e6e,1
0xec58c92ab1b87111ab2bcfea24ff9404c25b37c8,1
0x9e1ccb3c9c55ab371d427745bf213df80cf23141,1
0x764da1f1d34f4bfb1bd3b8550870bd034b2b3651,1
0x09a3523c627a1ba3969990da6734ee3f93226856,1
0xd061c30d9711dda98b4e1b174781d9cd587493f7,1
0x78ade9c877a04cc3ce9948bfeef30b0d5ad6db5d,1
0x9e30a1e5e13a2e0f2ed775bbd420fb7cb31ebebe,1
0xad35c5b320f095730bd88c0a0c523ecad7548d03,1
0xbc762401f2834333970f3591fa2d56d89aedeca2,1
0x198ad6c547d20d70f2f656a4f48e6c7cfb7b4325,1
0x4e383f2a50826a0767f445712cb1bffc82bd363f,1
0x19f9fe1cdeeb6a93fe4f55246ca7209d662493bb,1
0xe768687cf9ff40a1319f4847d3afd5b9fb6a4700,1
0xb88194f9bcc5ec80cf80c163ca2b123917468793,1
0x555664e75e5dd97ab93ffe7941de8629f7de46c5,1
0xd4e1a607d3ba4ac49f8517f8cfe011b5fb57b6f9,1
0x8fb17d9e2f2735fa5e5095440f418e4a05ee22d8,1
0x95722d15041f50fe9135962cc87042b4d6dab382,1
0xbf4c53721e3677a6c3d10e1ae08918d0477297ad,1
0x44a3ccddccae339d05200a8f4347f83a58847e52,1
0x31e89be0c67c100bfdb7faacdd53c5481887050c,1
0x87b1702a5a31f6b63820c99f2234a3323ac728c4,1
0x915c6cb77d302b8c514561feee12b5cb6532a97e,1
0x2507e2f200fbbff420793585b2a10ee4031845ae,1
0x35860583266f6c6cad540ef07b4d36ec0d925916,1
0x9b2942a46e23d9347f53c878531787bb34bdf807,1
0x8c00f3601b756b3b9c4c2aa50aa858968883b866,1
0xa6c579879252d8abb6e9150e4aa0196ba81c7b27,1
0x47eabc96c1825826b7cb176673e4bb936ac709b2,1
0xe817ed328e561507dc84d022f42b46f92e003002,1
0xfe588c79166bf423ddce78d7f266d5651c8405dc,1
0x30a933add6fd601d152aa4aaf7620b5e27e88888,1
0x0e01a5cbb516331a0cd86ae901ec8aa5b0ade261,1
0x5147c9b5f453445f8f47fa9018d7aa85e012eb5f,1
0x5a0dbfaa579d16e23fb76d1b04c94be48d051b55,1
0x73db79faa288b10aa850931d2794ac58ffdf5ba7,1
0xa940409938a3a708bdb756b03b29fb6cc26c1a87,1
0x31b38710cae5581de367acd9117c64efcac03e04,1
0xe061ea94f07de987a55a49067b0d7ca3feaffbc7,1
0xd2350c37a02b40f8a3bcf94da9466fc418a5f409,1
0x25f1a3ce7d9dea98d51c18b95758d417a9a641af,1
0x92fb3ac03ebb82da2a3e7ea01e6883b7cd5dc626,1
0xf9ba5a5ec068a347a021efd32977e49a2724feb0,1
0x8741e2c8220e8d5e9e698045be1af5c43124c65d,1
0x9c7471c6d03cddab9ef6e1db6ed93fb8f9328072,1
0x673e18ef59de0cf00bdbff97ffeaa909a6085895,1
0xbaa4aa9933b4548cff0be2693e7af7e14e9ee49b,1
0xd4100a2e1aacdeb18bcda92a280124a7111a12b6,1
0x2c24dc36c462ea3c10d09791e8886aeaf324a9c2,1
0xfef1697cfa1a6c1211020681405013fee40fe2f2,1
0x2d2dc1f45802f7a6b3bd87efd9176adca7b3c40e,1
0x1e38317b64e0ff5d3c500b3250afa2527357cc0f,1
0x46ae568842e3f3d2bb7e2a4f6ca8e38692c6ab86,1
0x8f3a658a9736530e89c242ef572d7198cfd540ea,1
0x3a91d055abccde86ba0e47ba9e9e291623c4fff6,1
0x36799ff7bf99602870b91572e2a897b06c91c87b,1
0x74aa8463874aebb1ae29be8f8ba1adc322a9402d,1
0xa54837c8f04384b89d9cc90ae368dfc51b77e2f4,1
0x26273cbdb898fe543bb8b8ef03ac6efaea71a2e4,1
0xdd0c246165c8b4a90bc5a446da9ee0908a45966f,1
0xf8fd6a5fa90940432e5c7921e332f0c5d33f2d38,1
0x5c509ce530f9ac85ffdf09c93c27654d0bc24b59,1
0xce27b1362f6a109d063b6c7e81ac9e30cc79d547,1
0xdcb4482bf49a5e5faff49388b13f6cc512cd87a6,1
0x1365d2e329df3785e37ffd88edd934033e8ffdcc,1
0x94336be72729c375132b268f582ce6f7a70ef4df,1
0x0d29e141a7fb644caa03d58279e01952d75f9677,1
0x87bc30485435e4c02903ed41c3203b5bc05ff35f,1
0x1cd24dc1187d7ee1779bd54f215053abe189a735,1
0x2e5e62c8cd9ede2874b6a9c87f843389bfd7cb3b,1
0x4ee538b3a9c12644a9d3ae20a67437e8d18b91c2,1
0xe6069d4a8a9a7b32539dc8c5d3a557dda6f3a832,1
0xcbee390e62853b80aaae7181b205f6cf368cff7d,1
0xee71ebc370f8b77d96964d9366ce96ec231239a6,1
0x99e14da3a40ae897ebd88e972683f0046b4d7fe6,1
0x7939e45db90ae171aa18c8795413ade2647560a0,1
0xb8e82b32ea205b0546d0ece1a175ad00e404dfa1,1
0xae1788699d4c34808d1d56479c618f2c024a5b52,1
0x86b310aaaac3704454bc23d9bc6df2cc6178c89d,1
0x77368adbc2ff1d4701b48abaa3d5bf23fad44eff,1
0x454ee605b0e070145fadfce49b072b029099078d,1
0x2b7428fe9dbaafc1615d50d96bb6200a68481c67,1
0x265765de876f24fbdb15532f601232f876cfaff0,1
0x5136e623126d3572933fbafe59ae97f13dd9687a,1
0xdc27361494e95f566409f379abd08813e73468eb,1
0xf33b55c5c0e7bb08679ed4d712d7cec38f3d19e4,1
0x2ca212af7e65631d46a1cf406427f257d2976a71,1
0x6524e9b964978b86ad6aa5b11374864926f0cfa5,1
0x70ed6061b74da6a290bc59f53987206a5dd93fb9,1
0x412d974ca20038402a4e50d586fee6ba6a9279ed,1
0x3ecd587a9dcd5e07546c5687bff83a040eb66b8a,1
0x6efd81f997f1119dfcdd2a033345724538683252,1
0xade6cb680030f97cf612ff7694b1e4c30ba27735,1
0xfbb7153bc37410cc9ecf1b9d62b9ca3ff988afca,1
0x29b640216585fa07251eda3c4dfdcaf4419b7db4,1
0xcf7d3ecb39879c3d4a6cde75f330dedde036c543,1
0x497452b2b3f5f5f2f4e82b36b67ccdc01964d404,1
0xe874ba46982d7cbab5931a50c2dc81a7aeb80344,1
0xc7382780c13d05fa6ed857fda3fef3d1b9e0e00d,1
0xc29b6d6a91f5cb8efecb4722d4150ecca925434f,1
0xcc47fcbfdd6e558fb39cf5ef4d92e59890476b86,1
0xc488a367114936fabec388ed9e67810691c2df37,1
0xdf85b9146d73a852d7b900d1abd974f2a8119f57,1
0xcf7c7758512aaf43979b64812cb79bd3f60f4413,1
0x8c39a66ccc0f22ade61c59c7f21bb6bcee4921f1,1
0xec2bf4a144a11a4cf38be451b9db0633bb851230,1
0xe11bfcbdd43745d4aa6f4f18e24ad24f4623af04,1
0xa2f8d521c8cf328132e187378d545b2b37be2f31,1
0xbcc94f4c922736925e0e9c15391657888e85f435,1
0x7e254fdb54ea865ea27d3bd201a5384b2abdecfd,1
0x8e2a6185d7c37aaab6375f9737ba0a764cde36e0,1
0xf57c198a7f337867b7c2d5f591e8965622ad1491,1
0x9a090298f5dff9adcdd6d17989b821fe57bfc309,1
0x4612f6ccdeece14255a757395477907d5f33038c,1
0x23afa861ed353e61b7f4ffe65204a4b36685e5c8,1
0x575dfa1096ac4cb85f5f1b15bb7cfd9734d8a064,1
0xcb5ca0d502cbc66f188adcadcb7303b33d292ee1,1
0x4cef61837e4c2186468145e6b9668af92694aa43,1
0x7a926e039b30b9ca5a0499e6a8b1f7fe2c30aef8,1
0xe9d2d1e909e962873260cabde18719c67ea61052,1
0x6bcefcbea097bf082b3b98224a76b98a12161512,1
0x4ede5ce37ce0f792927bcb93863cc2effc39fff5,1
0xb6b4a02dca517564eb98790ff67d42b5b37a3d4e,1
0xcebac4869edf0ba8d75deab264e3a4c5117aacd5,1
0x02b8e4c9e1ac966e7b8d299413846ab0aa04dcfc,1
0x10dfa8726840cc05fd7903ac47f5b04af051b779,1
0xcf281a48bb4342e7fc5cd5316d9bacd0e413e935,1
0xbad3bf0e52b5d3f91bdcacc5cfa94a97cb9aaad3,1
0x40ebf8a762801d1706d9d16a8abfec4c452d15e5,1
0x87193685a9428d8d11a862a89426800ee3c01199,1
0x0851ced43aab7bc38b0fa4fbc4e3849634d2ca67,1
0xa3658a013c223fa60989f057a3d0a1153f88b0c2,1
0xab7244011d76fe5e94a3ebab59715272f0150a7d,1
0x39a167e13c3fa53025069ef7e62c7cc8e8b46fe5,1
0x660c3bf8d0f8b84a9e1e7a076cfe4685128f5f7c,1
0x4c9995900790d3b33f2c49342a6b82add8c94827,1
0x69cee4cb90eede1feb66c7953adf172e3f937dae,1
0x067fc0fab235979cb615f46336631288c6e5ad75,1
0x7b30324a401724118acf0da60bc07b6ce5078713,1
0xd343b8dae88e117d25c181317cf6811166911b11,1
0x0b24dc8537340dcf4ff89f522f32ceb6395ef396,1
0xf51fd1e7bb2064fd4dc313397283f98a860bcdfb,1
0x5e98e7ca1470e105fd1b1db151e10ae2e998165e,1
0xf262c25f75e93ddf7c1fcb4bb0d65a707ad6d023,1
0xc79f0bc9f9af9ec4b83bdf94858a1d8812321870,1
0x87d8dcef48c9632e87de450e55941d68db0b1463,1
0x7771b1d9967e528152f5db90fdedd8f6c64c6fc4,1
0x07ff22c4a01e788b83f42ce0d9b9dd79df6f1409,1
0xeaadcd32eedc9467263fc7db36267f58ecce5a87,1
0x439e4e4624a6ce7be5cd0ae90709c43ea0ef082c,1
0xd37697f3c50d7108fef25d16cafe229753224a05,1
0x4042def3d9fab6e6deeb72ae3fb3175b55e50a5b,1
0xc33b6992331166c37263d54fb94cf85fb40a7166,1
0x1f77d34deff2b72b0a0258603effe72704742ebb,1
0x946e2dd8d7fd6126b864428459e62d6e8f910051,1
0x0e6c0d631684ad5383fdcd3ff34821c03065c710,1
0xfade41403a1eee72d805c42f1eaf5f53a54d0e0d,1
0x8fb6bfb52a285f805dae5bb2ed5a97273f272d18,1
0xe1ab2fc3fa943a7d237befbb898153f9a6f04971,1
0x21d5c2d0417fab439256e0503e9a6a1a919b343a,1
0x51a2e95a3f7c2ec7614bd341d704ed1f51ff7f46,1
0xf30e9e77ccc9ce4732a2f44ed7a7888848c1b29a,1
0x963a3ab2248e8a70869e1c8eedbdadd67b006518,1
0xe9ced9e75a01ee2eeddb9eb1922089309091247d,1
0x504e0e24e5cf5534606df3e064cb7faf49d11ba6,1
0xd0f8293536d112b2f1b7fc7adbbf5e54e83dc3bf,1
0x84f8bff48b845e7cc2f5a9175860ef6b0016c1d6,1
0x24ed7409cb9f1adbe5b83c86a237049da6eca675,1
0xdafa9e3dae493f0b9d6872eff4fda0f40d1b7488,1
0x989cd4a3a88c86300726edb5d5516a517ed47599,1
0x23c1913f025018ae07ec982315af08ecd5c867fc,1
0xfe53dccb4db09e660b2dc5ec48eaff8bc18124c8,1
0x3d2e7f3e4253f57e5ae7638fd14cc8e16715ec76,1
0x1022245eb550f9778209ca4514dcb693b45498be,1
0x56b380f3bf7a902c8bece6e20fb843270c70bd63,1
0xc2d4ae7b2c033a1bdf76d0b1d5869a66b0305618,1
0xa59c86a6336c3e0932ae89206e2501d482c4f520,1
0xabe01e6713511c6600b559c691c526a019d9f266,1
0xcd148897d736801f1db7109821b9e4366ac266d9,1
0x7a1c5e9dc063a6915855247e96efab3cfc20ad9d,1
0x5fbf4dc4291b542496cc61f52448c0ea374767c0,1
0xd6871d2ce0977460ccabb6483bf2b2e23e68ceb5,1
0x912465725ec780b378f21644f1f90c8d4b06d47e,1
0xaa04dab2cc2ff37830f7e8101b1d15a6195fd8f3,1
0xeaaf2b6c6671946b6774e3f353ad0959f7c20e88,1
0xf06ddf6c7f60b8d17e62efad0bdd3f7848073bce,1
0xc543b04a6c36ab76728bb1aa43b80e39e4742952,1
0xeea254f9d7f096ccab5911927a0550bd1e332909,1
0x5f2ada0a1cfc9dd8996cf4be20b83edc9d88a5cf,1
0x53c1b80ec35cbca46bb2fafd37e42c3b026f8c38,1
0xe9e88f56f5431d692446ec723c2f9f9cb4eeca42,1
0xa1631f34541e352cd70e1c6902ca586c57d2e040,1
0xf52393e120f918ffba50410b90a29b1f8250c879,1
0xd514dc9996c400b58d5654bec86bcef6200dafa1,1
0x5c396e679cc63df028e4c7eab88543cf18210fa1,1
0x56d90629aa29830e361e113e53a979f95afe93c1,1
0xac2295fe854f07ccaa1ead5885e1982e1b253993,1
0x373db7e01ebfb92d9095ae6b8f6e3d24ce6f4d4d,1
0x0d648f5ef02403282329baedacb670e13ffdb41f,1
0xf480935955d38a332cf40c65add722d46b922462,1
0x7dfb6e1cb8a5015a8d2649f7158bf5625667f192,1
0x4689d4fb06a4da7c98b8732546fabffa97f35d4c,1
0x12c3d9510bba6fa40c55d4f30e1be25f5f953e22,1
0xe051e0f69dde28f263fb2fbfc056a34e42c6570a,1
0xcae62b9dbb0bbcc3f64cc95aa084c8f015e894ee,1
0x66f5ddc253852f407d334f8e90e3bc46fdaaecaa,1
0x03593a431c7c3b01cea6836c2199c43614e17e71,1
0xbbc30ddda94ac46496736215129b6b6f8c02bbf4,1
0xcf541ee32f57cacfdd48e4554ebcd6cdf15759ca,1
0x5dcdd264323ea7bcb7bc66e07e11feb6a3854968,1
0xdaedecc950d07722ea9ca98a645f5914a537236e,1
0x6f2b6ac9c798abcbe5b5e313f41d401009f2bd95,1
0x1d05f69d14519a1c93007b468e30d5cb1f1658df,1
0x0fbf0be174da2a813c1538dfd6ee3c01f6eddfd2,1
0x54766187e70b5c8f75bfb1921a2b3e2a3117e47f,1
0xea94dace59ede50c55d53cc90c26d8ec4ff0b685,1
0x3de927d17cf02bf8d6baa344195acf80632932f0,1
0x917d5cfac648ec9cc7dfb2df4b86c99e65a25441,1
0x7a4b4bd0dd0fca862e70d7eccf9e224b32dbcdfd,1
0x16962bb36c9b28b93b432aa05ae57aee4dbc03fa,1
0xe4ac516dd8f9d84d8e882dc30130caa205e48ce5,1
0xb5e1fc4af4dd6ab3282d16499420954b192e1849,1
0x00809faa992806d58e5e858f22d8c896793b77cd,1
0xfc9dd877930e9799beb663523bd31eefe3c99597,1
0xd73e55a3f739fbd783f7a2a307831afc31c6510b,1
0xc26012491b9dfb2e6f2cb0305673e212721d5950,1
0x32cc3a7ae3d1a1f7f0f41f564175dd4d4951c877,1
0x5de6a1d6b6fb803b4225bf72f96896b62aeb300b,1
0x5a3e28c2bf04989e6a7506a9ef845ae2dbc6d90a,1
0x8a6adb9e6e8dba6bddae8bdfb17fb4657720c600,1
0xaa95257bebda7f2f46284d8ffb8b69d00e4abc53,1
0xfb38cc51133ef30286229be866a261c36c1e8f8c,1
0x292402b58d40393db796380cbacdc1d9d9971beb,1
0xbc149c9eca07013ecd81958a5b0746d190682af4,1
0xe7ee5a3a7e0c9114a0d39f53619bad9ec7466068,1
0x72f52de160ece454a2d75a410f85f4978045882d,1
0x5bc5d16383c74c0e3ff3b77046c7a4cf17b42e5c,1
0x730c08bb69604080d525181489541ecc13066b29,1
0x4cfec81930d87c0ec2d38a4819d05a756756d85b,1
0xc87e9dff30a7472329237c4ad222b35b529f0fb7,1
0x47a3443937af19aca502042617165767b278ee35,1
0x70353a9a3a2fe66ab44adecd61bb22b5928a6599,1
0x7186d0ebafb8103f87cc500649389abdd4e756e7,1
0x14189ec95ed3b8f565e36d9b9fd4b67019a42120,1
0x51a8725dc626d4cbc38936db547d9dcf395984dd,1
0x133fc918b3a27fa314c45a08ec7eb794ef0283fc,1
0x2454586dbe1606629f32247595a97cb7ea6a0181,1
0x1d28eae55921ee4783c2c952f7188557abb33328,1
0x1dc78daa56e0e2be1edfe5e38f602290809c4c0e,1
0x4801fa7d51585057cd075b3c2e82578146bfca2a,1
0x0052d2e4af4548e6cf19e817b944cedb23ae09df,1
0x5c4fe960950ba0e09a72869c3d51fe70f07580e0,1
0x577cb688c7285c88a8770aa67042c94f5d867f2a,1
0xb8ada1b0661d6a177d3af6cf318f7ecc4ea24e70,1
0x5d2c9691e81afe76af2aa39cfaac400e541bfdd2,1
0x1d3a9a01d1476a1eea9e230cb5ae4ed3ccf0c041,1
0xef682df7cd1b7064ef44bcd454ccfca54fd8e860,1
0x07dd8451d27ebb6442395a512a081dafc6791850,1
0x9bed6e8a49d415adfeae4ba4d0ef2994049454f1,1
0xe678646d480c34f7fe4781276365d04e83c9b597,1
0x58a216fa7cbf9d4f46ce69a4008e628b715651be,1
0xacbacca81254c36445488a0e4ff0bf5a516147ae,1
0x88ceca090d7d810f0d3bde0cdfb1cf1f2301bc17,1
0x4cf3f7c5b4fc7a14cfafa3ed80d82f643c1de8a4,1
0x53098e70d4a595b0d965145e15941ba7812c79e7,1
0xe55a8a47e4fa55557a0cc2f535595ba4e5aedd27,1
0x1bb6dc39ebc757db05557d00b16c28a753a20558,1
0xaef63b54eacbdceff0b63609623d038195008d88,1
0xb0807e628889575bf368ca4cde070a903a4b9ea2,1
0x99768daa30519851f224d0e4e47546bd1733c219,1
0x6b17e9a9871f354a324b6d141b3a6b2b93b707b8,1
0xe049f1c4a9b7230fa071af829269a8c34668e25e,1
0x9bda94d5ac8644eb217dd27e8e1c3f3dcdd3bc01,1
0xb9248ed4850b87cd66cdf6ef22901bfa714782ef,1
0xe25e6dec6cc0375947479520968cb52c24704cec,1
0xab7816594a3c30e88a434ee2adec32e26c52caee,1
0xb7d6ed1d7038bab3634ee005fa37b925b11e9b13,1
0x8695a4f9d2345fa0e2d87a0ceaa9d5ba48e66cd3,1
0xd63929e5f4c6e82f683d3a5f260a393d47e1cef3,1
0x598d6515b00177247180fb4d72cb16c6a55e172f,1
0x5d054491bf455701d266fc2088c7afe3db267b97,1
0xdd5f5c4aef9329aad44ac4dbad69d3afe1c8a5d7,1
0xde35d5d718f5efa776494cc4a50e94cdd6ee2890,1
0xce716837e7b9469e7da0816a8a7f3e487a119186,1
0x3cf5ec55ec96f649a05c3a380d8a2b972a04abff,1
0x1af369bc1069dd286ff59cd69553550c07e0dd05,1
0xbed504b31411ca3eee66fa3b55088a6d5b6f8174,1
0xb509189877c46f92cb784d59e1fb6dfc03cd7ede,1
0x05a487a677d9f72f3d1c3e420a19248a98265a55,1
0xecd3637d5a13d05c0560fdbfab3edbce2b44f729,1
0xb52343dbb87db123289ebbd6d8277ce9f1b71ca1,1
0xe1ba165a819a9ee57a73f05f3333c7ae3f3c68af,1
0x8030e495ea55d8ec8ae1e10bf7498bf7f0eac1aa,1
0xaf0e9bf133709dfdc53a7e95e8fa3ebc6c5b4008,1
0xc7bce04163374984e6aa210b3b8e444067df2355,1
0x2e12f3a30600c82536438051da791e6a8d092d5e,1
0xcba2e4e7e929579101c428bc075ef864a8085b36,1
0xff08bbef8f2b6986018fe3bb62850aa7db843b40,1
0x18eb4700b3949143a906e6b0a7388e45cc140b93,1
0x4e39795874922b61cf3a6adb3a85d52fa736eceb,1
0x8b095365e9831412147b5dc07e644dcf87325106,1
0x47975656e27b1d2e2c215b0600afd543c25b9a8f,1
0x6c621408f102301804b96c05dd51f13a58d22fa4,1
0x8e29f4ac912166fcec20a883519e3f4633e1609a,1
0x0e10d178333bd38285e0f12109757ce34de59acd,1
0xcfdc5645b426d3ba7acd6511a5c19e94fb7dba3b,1
0xfaa0b3e499e752c409439d7c02fb60547ab241eb,1
0x0f25c5ac5cbed4ff15aab4ca3639f87a453b9ab8,1
0x01b71498cde91a613eacca67fa46463b0dad724f,1
0x02cfdaff6bc6e896f364f93a50559e3fd0a6ff1d,1
0x40b35cf63c0d2ca561affb06e91d0db818dde14a,1
0x876d4aa80fd4af365b03df32df12c7ccdb146301,1
0xb6297ee5d471cb13c03496ee38dd31893b6b62e1,1
0x46baccc803a49f6e49733d9e6b17ccfe1ff8f459,1
0xca0a8c0eaad3e8c0939c718cf439e30011b86294,1
0x91b49b932dd4b88523a390de9c4b964d463376a0,1
0x7b768c81353cd5ff73b74e72dc7409cf789436a3,1
0xfc7355bf612fb59043b0ac3d728942f41a3e3905,1
0xcf372762fe08682528cba6bfa367a768d7b0afb4,1
0x60a4f65da916f1d23970f460b5ee05ef84e76f55,1
0x2aceb0553991e68854ae02075c8b09c8e2d33a3d,1
0xe1ce4240b0b8e0c0dea9e34f7e1565c56151dbb6,1
0x4babf2f14934fcbeeeac5a71df0aaa20f0eabcc6,1
0x99a5331b9aacaef3516db30d9c59efa6c760087f,1
0x7fde0088a3b772ba42ae088e2d3b0b9026e26dd9,1
0x19f605f48cb963115f5d8f8d9e8ec1890877745b,1
0x44a19c11209ce56dc56f1464277509393b91d5ba,1
0xfdd41f8325e243f200a34cd2fa28594efd5e4c6f,1
0x3a5e247429201d70fae0ff28e41fd8a1ca50af5a,1
0xb579160db92b6e9f92791ed3003625d97a4951cc,1
0x89eb11795fb79ab0f565342a906ed8491022cabe,1
0x223e42994eb3c7b4953c86973892ccf0bab4374a,1
0xbec5d88ef9491b661ef33a596eed6a4e5cdb00cb,1
0x6cc91dcbc8e4e20a5744d9a0737034cf04629747,1
0xf694d1bd527b09e030851062839d57a44a5b565e,1
0x427cb4f9dfaa1ebc8b9a957253677064c147e99a,1
0xf0b95bc02c2e391f92a89a7657814453e4f9d76e,1
0xf0753b5515c095cdfce5a0d58af15dc5aa46fa94,1
0x4f81f35b7dab9e7521c6d8397f3aa52533a62d63,1
0x02285503d4dc62fb235ad3aacb4be2e665463ecc,1
0xa03194aaba024af9b092b602a856f76b7d94c323,1
0xcd6366d39315b1d76f95ed2f3d2b7f75a36ebec5,1
0xd393503d6be38401054135780f57cf308e230dd2,1
0xd01fa4427a05fd7944557ae94b67d90109fad402,1
0x337101def3eeb6f06e071efe02216274507937bb,1
0xc928cebf08833cfa95a64efed522ce683e26de48,1
0x16906fe850dd6641abf46eaf887b4e8ce0ba9fa1,1
0x311eefb3864993fcc3140e4284aba29615368bf9,1
0xa8cca789cfd9033330a5d230079679cbe8a24989,1
0x90198c48129ac7564933f8bab85669e303ff6b9f,1
0x91322107acffcac9285a056f3f6c51efe8c7f0b2,1
0x8ccb07293755004942f4451aeba897db44631061,1
0x340b69daa84271b53a4b31d801ba72d19e6c934a,1
0x7a6968204542f1a45af3400e76c32dc21894f334,1
0xfffa5645921fb91f4328b239fa0646eb79ff06fa,1
0x1d3eda0356e492d51fde4ffb8651c549bdecbdca,1
0xd123e7356a779554c9d4f227c4b25d4e77a07593,1
0x94042981fbe827237acf0d49bbb51fa8c1c56aa1,1
0x3173303e94b4f2ec4e53406909513171afa5c647,1
0x69c38c760634c23f3a3d9be441eccbd2e50e5f73,1
0x5b23c893ab99fa6d9ff3532d10a9019cae06383e,1
0xbbb78ad0a8ab71da46b5fd8d2f5bdb3d591f7809,1
0x31d173ea66fa8fba38b3ddb798c1c1098f3ae8c5,1
0x34a1091227dbf7abcd563792ff28086a454b11f4,1
0x8c3996617922c3ca288958c233141d2672b6c4cf,1
0x7adcbd5b9e43f3f012400b08cb9e2c1dfe0ca133,1
0x1ef43b94fcb00872ec73d60ff37f5c77df80ee66,1
0x8dfcf8c25dc71279e16bb5f19a0607b60f98cde6,1
0xa362a9676db12606d339d10433c1af3618bca1d4,1
0xd83a5e7bd6eddf35431e0b2aa2680449541e7444,1
0x8813b06dac568f4672190f0bd22832cfaf65c3eb,1
0xb09316b71c0ae83f1306c5a8dc67f32450e0adf9,1
0x94a5705a0f0927099638fb068c6e3ad77501d837,1
0x95f1422062f660fbdab6da626799389d86b8448c,1
0xed4a96ec302c7588bfe84c13888c79ac8a321dca,1
0x46e46a9617d0d3c8db757e7c21f27d3aa9c0f179,1
0xd752b961a0e911f4a6f0d2e36701a0633b3954ab,1
0x7330289723b6fcb071acc92e275aa52cc691f1fc,1
0xcf8fd84b9074fc741e8b797009284f1361016f6c,1
0x5e75ee110fa06c564d3add0c43d0acb2ed26596d,1
0x4b9d8812af4cb0dc7f1ee9fd0897edfb66f900e0,1
0xe5e18221bf7c0b778db495696a80da77e8417fd1,1
0x473a17e00cebeda446d43b1136e8ee9d122ac249,1
0x9168fa36b033006090a9159e9ec47609d84b1e45,1
0x830d7a1cec156f2a8627ba8ac4af83a44dedc787,1
0x778e3b5ab41f6fa20bb5812fc1ef5929bcbc422a,1
0xc2079e5b077eae969dbeca3747bb855ae9df8f3f,1
0x951e1d85810c7b25dbc0ecceecb4248b4e202412,1
0xcc904213075bde62c4f8c66077ae04baf976801b,1
0x4c85ece5bbf191d3e1b76934c8372d4ae3bf6927,1
0xa1b9b33aa2c318ea67d280cff079aac2d4784a13,1
0x0e0886a3fdbfbc8fa8ec7fef815d3e3b4ed0888b,1
0xd69e63c3223f881a411a9264f8ab6adbf6b3b48e,1
0xe4b5ee34deef84754d4d437b2a4f832e24bdd177,1
0x2f8cb25737f469a3479dbf3cedf428a3d9900d39,1
0x7bc93c819a168f1f684c17f4f44afa9cb52d5184,1
0xdf7cc19cb1066c80760dc1b5464c4798dacfe407,1
0x91a3ebce4e0d326539c6e2720f25449774cb615e,1
0xa81d194cfc13364eee82abf32c8451264287aadd,1
0xe422e3c0031396d5eae414e6a0f70c5535b6ec6c,1
0xf450a5d6c4205ca8151fb1c6faf49a02c8a527fc,1
0xd90fd51c9fa7d51b9c53c158231ff8498ede1140,1
0xeba5c4630c35e5c85f9b6d63c50227b5ed93be1f,1
0x06754d9291ab4f4b67fd5a12d7fb05b766cc2b0a,1
0x18e7c894cc22dd26c60c0d579ac05a040ddefee0,1
0x4c42c0b130e8c13655d85f93d00f77cde1aa623c,1
0x338a1676b8c959bb064aa8b4697d38600f85628a,1
0xa98200213c5cc919f617947d9f4a5281792d31f8,1
0x01ed2fec13ad545568d9af1afcd1ac5748388f81,1
0xa92e541cb7035b71fb83e7cb6b8a41c96d8e0a47,1
0x33def458065819613e73f6ed3172db2673b7850e,1
0x734740c70db02f5710207f1d12df47c710665206,1
0xe4f642be846a12a3d2ded7e783293337465e5d1f,1
0xee2b31fcf6c51ed01ae06cce05293c30afa5eb87,1
0x3330777cc5270db65e7df1d738e989dc16dd49f2,1
0x38cb81cea002c1a7659762e57b2878a5b93969f6,1
0x988070d1060fd2c826ccbc9b1446296a96fa75ad,1
0x9aaddc5040d2093dc0dafc0803cbfca822341bca,1
0xf3e6fbbd35e2ea84bdfdce9be96ffdb2b8bd1fc8,1
0xfd21522bb43498e8cfe4b2064bbccdb129eb233c,1
0xa41cd41474f7b59736da76b7fe12b9b8d9afb94f,1
0x565f34ec537c1e49d7821d713d392027559fe5f6,1
0x6ed5a435495480774dfc44cc5bc85333f1b0646a,1
0x336734a67020ee0f36fbdeb32517a5d8751bd0c2,1
0xd2f132930ea3c58a389c6ad3a91ef104f95fe697,1
0x79b5259dc0fcb44f9751bf9f78f5ef46a7958460,1
0xe46105bbda606babb797b343b21f930668e83c1d,1
0x4e2c1c305d33c79614082ac0bb8ca7c68d8779e2,1
0xa783ed50f76ea884120e6216fb268ec0f02f65c4,1
0x2275520b9d06a72eaacc444d9fd4fd72c58336ea,1
0x8865f90c1eeec398b6639ad73d0a5ac90e9ea095,1
0x58d55449e4cc7719970a27bd1be569cd6834483f,1
0x2b776b6418a7ae859c5e630afa3fb59e82b49fa8,1
0xe8cae16201d97ea8240e05064f75199d4da0d45e,1
0x4bfbfad0c46bf22e5b053963007605cb0618de55,1
0x777faa4f4f23f6fe4cda72fcce53fcf299f09726,1
0x98ea9be4db559392b155442d3bc91a54c762666a,1
0x763f71beeac7b99585bdcafc7a25fec8c4a82594,1
0xe46cfb22e798a1b9c0b1fbf103d21cd015866178,1
0xaf153e755f59bb62ba8a5b7e5ffdb71c0ac43305,1
0xdf25c3ce7d37858922b1894abe131e6d65c0b4a0,1
0x7ace0975254b6dbabd0d79438af80b2a736e1a36,1
0x2a74bd40df54a0065aeed3cd764ac37325938b8f,1
0x3b02a822021af8ea7718b79717fea58ec3da11fe,1
0xf0aa926ede618fa4771aee8f60e96859ccdccb16,1
0x6582a0fae4931833aa1f663785da13cbfcb90ab6,1
0x8fe8cd04ad2cffe0d09cc45386659ccf4dcfee48,1
0xda258e794c0465904e4973bb96ed462ffaa8879e,1
0x11184b10d426826667c449b345f99e5fcd340e2c,1
0xe8270b17f341871e814a157142f0fedccb7a9a92,1
0x91aca13b42ac160c9e79a3cdcbb42cf68c1f15b4,1
0x846978259adc90d5be03c7f2921af8b58857a1d6,1
0x6a08986aad2967bd659457472fefd9bcbd417316,1
0x27ca40b4bb1416c7217662ab4631930ad0119327,1
0xe7ad5a0fcdfefce6cf203f94a1bf7ca01fdcb060,1
0xc4cf93e6a744effd072d14c7516780b93542f4f6,1
0xabd99025e5be60c555fc47cdbadb85e70d9b54c2,1
0x86ad68874399b09a2428162e323f65b566f662e3,1
0x8fe89aa22200d1306aed5dad7dbad89c8faf8e26,1
0xe3a1bf5c6f40758077754767f2b944c6631712ec,1
0x6d384f83c01340f0a3487177b162674f3164cb1d,1
0x2054943968cf5c2ca29e79b43c9d6d8a99bef5b6,1
0x381334a57eb45ee79183ed126c7a688d600240e3,1
0xe457444d70eaea0582c23c732d71f306d0be6315,1
0x5f2ef2515fec192ac726aa02cfdc2bf823bcf6b8,1
0x6d8dec3fd68d94a7189a98346ea52b4d32e00012,1
0xbab5501b56824cd66432eaf0bac31db5a09a11d4,1
0x0439ebe6168c80ff8caf438dc902090b77326555,1
0x4322aa46ffed67809862da613725728e2fb8eae3,1
0x370ebb6e69b5023fc68755bb6a1435d084dfe07a,1
0x1b967d5a3a14f661cc3bb0632cda3e152765ea32,1
0x00201cfc48ae96bda7a778ee2b3377899931af77,1
0x30b1f4bd5476906f38385b891f2c09973196b742,1
0x6a790cf85792db7ac24fdf45cc1783f76b4c8faa,1
0x247fa06d93ada5dd3a9fa7f692855c05783afc0d,1
0x1ec9dd67af275fa69b6ecf7e4c3c4c0968a28fa8,1
0xc2e2cdb43af50d4c0142c170117d618653f207e2,1
0x78c17d37f0d78949ff7b66804cf26468af7d20bb,1
0x3ef055a7b8d9132b6638cd108e65ecd44d597abd,1
0x3deed956b999b83361b85bff31d388c35125411d,1
0x6cf69059dd4a86987bc8a4c334b83ea8fa9f4037,1
0x4cb086a121e0bff03ba0d0a2c57b15b6df399ab1,1
0x064a350ef26abd06630814a0e22498195ee85bdf,1
0xaf2e919b59734b8d99f6bc1f62dc63d6519d14bc,1
0xc455347ff5c5bf06008477864edbeb1bf225cdfd,1
0xcffeb17f67a226f900d29f441485fcdecf0f350d,1
0xb072ac527b8f872d269449175d08e6df818dc377,1
0x975e7db1e41be658298ca3d4501575b931aa86a9,1
0xbe4330e783938e2edceb015ffdff582ec73c126b,1
0xdc3d069381ca88a4b216a7ed7dbf509769d9838b,1
0xe4ae8ed5500fd43026af8f07542a17f03d876924,1
0x98efd2126b1b76a5f426715ffbdd286c3f7e740d,1
0x2869b11ec4a74be99a8469b8742e653804a47cc9,1
0x97cadc16ccae6c31727327029a4fc1d153d8fb24,1
0x7720b34674ce48dc1a5a4eaf0eb7987324e35285,1
0x0ce390f18af702cca546297845a4a51d102123cf,1
0x7abdd18d37571e1ba884a8fa9e07a3612b584661,1
0x87a5542bfd30a745b1057409037ca55fd3aee023,1
0xea88730cafec7a18685712b1ce200301c7c0b754,1
0xae5ae13a008b662336ff3674d920819102ae4256,1
0x81a80a99c8ab3c57823d6235134979e8c13b2239,1
0xcc5797a24417a337b93706fb432b0e0252b20e11,1
0xdefacedd05c40a2963457f4d730e3b40bc1b16e1,1
0x0ac619a43eb536b8522c6e39403a47a495856c5e,1
0xaae33d661bb2604158748ea861280231600cfe61,1
0x2c4090a54bd6eff78bcbc0b49ed17e0f152389c8,1
0x564d94e94326a9c35345de6bbedf03d1c7513db4,1
0xb0e297eb644eabb16eac74220ba406b11edb2cd7,1
0x42cef12222672e260d275b80a0ed0bc40896af67,1
0x8a4b89d76a1a745a4a1adebd3793253fba0adadc,1
0x6d296bca292eb3eb0fb514f9b80bcaea06f3276e,1
0x76db02500f7631d57bc2dcdca9d4cf782b99e119,1
0x30c61493b64b04e6fbec962b50448855622b6e1c,1
0x4ec89ba6558ef10b3435246de77aa3bf8f2ba745,1
0x844d15d0605657825b1ce3a2f6a57b6f9f2dc569,1
0x6e513ada916670389097752d05bf609d1246b4d2,1
0xe3b9782f11a7688e8024de82c607fceb24ecb337,1
0x42377a55f958e2125701fd92df42aa0d274ca6c1,1
0xe47000d2dfaddb0180cbc07da3e2b5c66a612b63,1
0x942dfb0c7e87fb5f07e25ec7ff805e7f973cf929,1
0xd3d320a482531675443b6db2c587f6205d8509bc,1
0x88bd9a49f6444b88a1e326a1929c91145141dc62,1
0xc893ff17028fe95157c9cc2730c407275d60469a,1
0xc023b4c45cbe38f9f2b90a3f2bb94330c0909d7b,1
0x39f1165e037bcc35c164e744d4a2667dc8135114,1
0xeacdb354cd9b2ad9d60c7ed7a81e5879058710cb,1
0x5f44e552945251f322ba7f188a96cd64926e7398,1
0x1d522bd33cdd1f60be71b0b7b2efe4e9f20a5263,1
0x6002ebe4144d7f3b0cd10e2ac0c0f357eb1c1c51,1
0x861d4d0d553ca4c316d426b12faeee95d0113d09,1
0xbd46f6fa9045e203dfc0cd31d19294dc2011cce2,1
0x136a4201199b1e75ecdf9abec5e41eb84183406b,1
0x8d02f1d992704539fa0914d5860d3de1f223a80d,1
0x33e3c007d1d48e2b645c9ce22570267b0c82f578,1
0xfa19bb1257545e45e55798a9dcbdf147d1e1a69a,1
0x3ffbed9340a2ab0c157a61771d7ccfbd7790c9cd,1
0xde31b36631c7bd5883722cc8b7f11dc8fb061dc3,1
0x2bdf9c76fb123f2895e7aaa906b8fedfbe0ba884,1
0xccd1221e07887ed9676a426e820af8fd90be34bb,1
0xd5a0ba47d5217418992d6887b3bf044961cdec35,1
0xbdb8ff99d03f45df9a38a20fa80da44c5ad88b24,1
0xce435038720f5db23cc8627f825382dfe85a7e06,1
0x417f6c2afe33161f2166daf0bd6d27f1ea0aec4e,1
0xd7597df2a4e40fffb742ee7c119cdcccb6841940,1
0x57d579a203d8b5d1cfa6b751307c2d68ab2b15e4,1
0xa723bcc05f4e0f739d572e7fdff0b23af977a8f7,1
0xee8c7b5455888a9821af4a0e55c1186547a1edd2,1
0x302522150ef22faafa6bf6530b330b5a4bc38369,1
0x90a076425f93346c02260c8159e1fc74044e27a3,1
0x97e98bc8faa00f58a33e04f33fecfc043945f809,1
0xeefce3273272bb88760146393d8f17b7c20cc630,1
0x3840865eb893b283c843d32f6f766526b1ab9d50,1
0xeda49bc74121b77fb0e848cb30975bca4704b6c4,1
0x886c4d1d4bc99399a42ef9cdcbf0f0dfa700a860,1
0x8d63f74f99f150568fb5b51d5c00779779555d35,1
0x9bf10a9a1254edadef6a2a4a34e51b34a5928cf9,1
0xb20898ad9ae01fa34fb6746de24dbd599c886e22,1
0x944f72d4bbfb493090c8d17ef19bfe49ff26bdf0,1
0x51409bee46664b9044731824578b9d3213bfe647,1
0x4bde9f2fab6d26810d3058f0275604e9312846df,1
0x487fb33529015dcb0ef85f40f48b42818f97e1ae,1
0xb662ffa9f1f873c12d60e105117ac9c081e14d87,1
0xbb996e83b4071fedb06be1c7c949f3c946a8a80c,1
0x14b9837715f322b8c515efc024efa2d397b75605,1
0x3fe877b86a298326c13d911a99d59f4c9d195957,1
0xcb25b216e4241535fe0e36d5f83f36a4a30b233e,1
0xb3866e0292d10ee4bf69534479b5113697d1c681,1
0x0ce6a432eaf0fa856a7c774170999db207748240,1
0x00acf1f79ff43b1ff5b4ff28b537cbf27445869f,1
0xe33db7fd452e40c93f25a0ed2f7e5724414bd255,1
0x370e9c7373d7f8947764bfee3c6614012441b004,1
0xdaac4d315441be67b136f163060865ff0493674c,1
0x77b51bfeb893a7b20474ea59812305f729cb656d,1
0xabcabea6ee52dd5a53a3a80bf94215ffc42ec77e,1
0x533b9cdce87facf35c4066f48537660bf2bf16ad,1
0xbf057af2c08cd61c9449de0b3efe826a438f2393,1
0x9abcd812bffc1ef2e81a2dde75b5ed8809289d9d,1
0xd4012143f24c2a02a89110241942b9628c1fe636,1
0x848889067b71a8958849862fa7be9632c524b129,1
0x30e8a3bb3e8d26d05457cc2cb7c93448a2cee2c0,2
0xfa496bc5a6a81318e926cfd19340c7aee83d36db,1
0xa5314cbd52e6d3bc5750643a87f0e435d2020fab,1
0xa1f257f534d2ea65b2b6be420d01e552114872c5,1
0x6ec04c89f16804a17cc260866e8f7087cdeac433,1
0x88582408a01e9be2f5f1f0ff6f486a5ca043b8d1,1
0xf80850ae9480ef3c324c0521a981704da65be822,1
0xdf6ef836af8a66b7fc4f3f241e3a4363a304c7b8,1
0x697e9c6783e348ac67d2c129b6b00ad616bf74a5,1
0x5c18d25064b9abc166ec38d15408d5569176e8cd,1
0x4a36d0cafe9a052493725b99aef80a70c25598cd,1
0xedfaed62db466ceb580a7804affcc65184a4bc46,1
0x8396a631492c60696ba4119c54e0fa616b2ffbb2,1
0x311399b3d6f728973bfe8ee06b11ea3aa67b0859,1
0x6bad7a9cc04871d133291d418b28e35569ad56f4,1
0x56a061f4ef706e1f6dcdbcf7e10e4340c1d99bbd,2
0x4df00689952974edbe1cc05d2710ea1b2b6e185f,1
0x2a903ac2b09124a7a5ab7874050cb217c0f9cf3e,1
0xe250c7540ffc0fe802a3cd1ba907adde9d410051,1
0xba7b7292e528db8b075c6cfb874d4e8c44f7d0e5,1
0x92e775c5c7cee8e2354002ee1f8efe612c338636,1
0xeaffb626014495a3331ed7539fd229893f57cb15,1
0x93a781d6e6a8e8916ea766a40c46ed2064b55141,1
0xf3e8d5b704ccf09c02af5df9bfad1cf6e823703b,1
0x3633467c0dfcd76f13b5cf45bf08d1c29e917889,1
0x4184f399b416f5d2ae4fcd9a842253a9896e73cc,1
0x308f833d14fc2803ebe9691de7e59d3844d7733a,1
0x7e0875fb8bf493d268efdf0b7aa7cd29614a03cc,1
0x85187ddcc767f84bc40338c673de07ba6183dd18,1
0x24cef6ea31dd26f18ec1455c804f02d8d53b552f,1
0x0826cb102de7616823cb19b0038e1af91b262a0f,1
0x118bf0693d1f51541e28253e67bb1d88ab24b7b8,1
0x03b367733f46743534c9bb13bd4fb5ae2780babc,1
0xaee4c04c8ab29fbc397ea89dff2a81558e5772cf,1
0xbc7404629bd1d7ed0a8d04decb026b59141e08d5,1
0xd8032e5bf3bb016c7195d1d494c9222832ae5d06,1
0x0150b0ec3c7b72879fbfdbdd79c18a8368b194e0,1
0x8d0084c1452e8c66d0b49836e24422f370432adb,1
0xc322e8ec33e9b0a34c7cd185c616087d9842ad50,1
0xc62cdac5ea2ed377cce2f4ea16ecb2394f5ee469,1
0xbe7a50c84d5abb26f6657e745b0e2d0503f14699,1
0x6e9075da365be17041e704a16d39652a7a54b862,1
0x4ffc5f22770ab6046c8d66dabae3a9cd1e7a03e7,1
0x78f5761b5a541c2e0f7d1921eaa14a0546f41396,1
0xb407763f587f5f8726dcc9eeb7a72c402117016a,1
0x0c973219372daabc365e3b97e453a500c482264e,1
0x2cd00bdf1605046cef0f50420831bf3b7d675882,1
0x01970cb86f2d27134263638863f1f08c698e84af,1
0x48ae825591a926da5f49aca43608f28fdf37210b,1
0x276f991773e3fe3b8fb641ef519d7e1fd67ee5f7,1
0xc9b6321dc216d91e626e9baa61b06b0e4d55bdb1,1
0x78d73e7aff692b5990133484dc49d01ca3247e97,1
0xc7ec028c706ec2fcfdcf66bba7e80ded634f6ca9,1
0xd8261516087b76e1027019da8756d85d8ace7b1e,1
0xdc19d539369c3da9172de453c05bc503c9ac6bc2,1
0xe5110e73cc510cb6aec9a71eef74d27bf4f9bb38,1
0xf6e9f748ec434b241d3e46588fd73762f8556868,1
0x019461603bd8e14c15aa62c491a4976718629e5e,1
0x4e3a10f142075389848ba955ab6282d9338839de,1
0x1844247cb5320efa99b6804e73b5cae8c1181768,1
0x527136cf29a1df9024a6493f219a1da64398fdc5,1
0x960ba434d2cfbc969c810c70613733c9ec226972,1
0xeb4c5c24468c3e666d01257b76a73326411b7928,1
0xcab81f14a3fc98034a05bab30f8d0e53e978c833,1
0x87f7f3dd57afef06b7ab16c9b0bcf9eed9fac9b4,1
0x82660acf466bc5e3d33503c2dc00c425aa2fe4bf,1
0x9972e72d43f8427c5821cfda342f598907b7c2e6,1
0x077e3a0e5018baf7c5f2fc6ae0e8ba2b7962dd3d,1
0x3fd78bea07849b766742180198523982ed30112a,1
0xa0ea96c0201b3d567bb29cded320cff8f1e25fe6,1
0xe7985c511d1bf0c7668757650b974513628dea7c,1
0x810b7d663f688b1d146c149a9d0718547b103a65,1
0x9a5d5f6d17b9d9093f1107dd6da934c292a601cc,1
0x0022252b11a1c7a688c3e6281873e0111d63c270,1
0x4c9ab1064da9c0d384530131498e3c34617a1508,1
0x5a5f9d7e7f487e71d08df5e0e103da291820a529,1
0x18876acfaf008b85429a4ca223b8d8f33ebe7867,1
0x2ca043bf85fe1553bdef8c0dbf021ad6202efb41,1
0xe107b4c78c55685f3a607a5eddb4f7f3bbc8b41a,1
0x25e73d19b7388ae2052433a3f0c43beb55265190,1
0xce35751d72af2c135f3931cc4661c203b7d15de6,1
0x5cc1e645f4cfae6c00a4f055c12a3d80fef925aa,1
0x66ff8f288c413e61c8ee807088ce301c03076e6e,1
0x7ab5bd27e41f319d61aa7b643a6eaab9df7f11b5,1
0x7656e919f2af9c7d339333cf29a20c8d7f7bad13,1
0xe1759f0cd1358c049e7f64c26e13de9492f9f888,1
0x08229e2fbed1441773dcfe3093cb7d7d8b0d08c8,1
0x468cbad61a63ef6d753ac395d99ebacddcf437ad,1
0x5b9c5070841a1cd3d58a95cbb183a4541b0ac79c,1
0x20542dffc2f7a51cbc087f54fcafd9ffd8b5c899,1
0x7d70a7cecee6db8c36ee8e50f0bc181d0bd76b0c,1
0x6b43e0573ed1ba852613609151dda89c8e95479e,1
0x673804777cf233284c068d3f2099c92d7c6a5199,1
0x6885c0a837c320f47a66df243c49a4e605ceb1ab,1
0x783d71028044c5e8a6c997b705284865d02f751f,1
0x4c9b3b18a54e59b23a75250425670e6a7467d225,1
0x13e8810a25171327c55a2903ff00704f27c0c8a4,1
0x8ea6a8de40043b5e8085704d450849f99b816976,1
0x924a1fe275c0ea466c519830719c8d216c415e19,1
0x656225b6851975168a34aa954d7dff89486cd450,1
0x9a667dcebfab972af744ac02e6d477945fc24da2,1
0x085d07d65b41158a1545eecf05316edb5d163b54,1
0xc422294fc110d20e70e8fa2e09efb930fd392b88,1
0xa385aa420381100768cf5280464858602ce3acaf,2
0xa563df990d0a84a23cb4d08b508fe156e97a5593,1
0x185d5f60fb7c59d344ba939361908916cbffe1dd,1
0x0c9d7de299b6f803279b79e8ae06c6a27e6f3f1d,1
0xda5da40b45d9b6fbc8d99ca3eeb78477eef75888,1
0x3da2fb6ef26c858d814e4b7fe1dbaf5ec16d334c,1
0xa4c9d9a5568781867a61a78b96098036defbd65e,1
0x4ec4f6f62f766977951733a018395fa8020112aa,1
0x72e680156324b5afa5d0d84b621844424a8bce42,1
0x2fc6549a67162bd653a136c88bbefccd46942c57,1
0x047cd96372ddff0e38a836d4f6758cc1cf2954e3,1
0x5a1848a228391145d5b43e0ed0b52fcc51e2ba75,1
0x8b338b8380755d416d892a0d7793bef75f6105ea,1
0x5c45cd2a55f42bc92eb6063ae098965ec60b3649,1
0x5458c15ff220bf75b92a76229fae88f93df9c6c6,1
0xd722755aa3d8b2e9521209ee5014d0e446b82ff5,1
0x9a659894e5d115846767db0e1685744c452e7a6e,1
0xeb17a51df787fcf40e2deda6c9ef26a6a5f44f6c,1
0x212caa051f36024a53ebc7817fd1f93e130d188d,1
0xb91a99f020a4e485e4b162f799c27d60962c6180,1
0x48aae1669d4cf7988a227b3d68d9d6e9f02840ee,1
0xb34017d870c7c9365cd3f51243161b596ce417df,1
0xba9051c2c922280b44244e0853fa691e84f5ee60,1
0x89e8493a292aa54734f7c2ff4765719138f18189,1
0x7110733ab02b2a18a947e3912bf54136fbced169,1
0xfb1833fc48c9511c19d3c5f12e86f7ed28993bc1,1
0xc9ad7102d31d910f59142fca0cc49181323f8847,1
0xfef8bf42f7658cfb496365cfb1d75f6e5b29edfd,1
0x4521b5e551a682ce13e302d11a8b6e66ac895657,1
0xba85979ca3c100c2b446e32696d66f3aac613102,1
0x0c81f4885b20fdcc97ce679ecfea9b94879f12b1,1
0xe4f3e4e4fda830f067e3c09ecac84e06f0eb7870,1
0x7014aecd80adba024f5e9e3104bac79008573ce1,1
0x279a84d4d6b1d4b1895086c775db1e91d5849cdf,1
0x8c962009eb45fb6abc9f57a40a2c71098b01b6b8,1
0xde9919e59e74803f22afdb655712d7642fb288d0,1
0x6853a596d6d7264d3622546da3b891b6fe17eb82,1
0xef44259acbbea2e874309e024ecd2be5893e5665,1
0xafa2aebf4ef2582e243ae040276df1ecbf434f38,1
0x12e08b091a8b6419502449bbb369709c1e4a60e0,1
0x195f2cd867c1c02ae6e61a14ec53f5f01b440edc,1
0x2d2397894e114b5c054673cceaa98b20d5d79521,1
0xccf6d942a95574a76d703a8403ad3fce8759c5dc,1
0x2d15de707bb3cab89fd365f8cfa544964bf4a3e2,1
0xdb3f4aac828d6b91d28173cde758c6e1603ed27c,1
0x3d5cd234a502a18cd6d65432259ce0772c1238f2,1
0x4d51a39b4b74502cc5016e15e9106327936e3c5c,1
0x160a588038a7284760ad05cea4466d2774d06c7a,1
0x2e3032873cd6ec4c5800d1a88b99eec48c7b628e,1
0x6850dd83a896ab7a1b191ee377cb46b708d4e515,1
0xa68ca082adfe17fbb4348e88e7dfa59a49680ce7,1
0x465d06aa6b0dcd4f2d9a38d14b20a042b92efbc0,1
0xeb4e17f4b6a9490ee3579c0f1edf144868f2753c,1
0x8d2f29155ff593f60d6991e7f6c4e0c5c0151703,1
0x341c7de61071dfbd0c7275aa2464e2256c0a3172,1
0xa8490d653e10e752d2e65b1ffb8a1789fdd19cf5,1
0x7cca5b39fda38665796074e0fd853455a44816b6,1
0x0fafa30d377704eada7a9c83f374f409b3b46046,1
0x99b5a0c718e1497564c94c7869d7e5b39866cd68,1
0x4145a736eeb23174f3874fb9d3418f4acfed6de1,1
0x6fd61e0bf0234f784d41bcf544665f2dda07b74a,1
0x23b8cf0bf2e6232b11998ab87913ede1ce7bd902,1
0x19849f4c8e8a0508da7aec6e7e2206920a01ed13,1
0x8381b83c446f9311d7ee22697509c49a79d23940,1
0xf3e47930b54e3bbd51c28116b8816d539aa2135c,1
0xe859ef79c40250a4554a35c84794ca6c80516200,1
0x89ad4bbe0b01da6a84062577b8aded42f86875fe,1
0x26ee1ea70a38fee396fc5db7d9d8c75b93dda0da,1
0x717c034228c9584f0115aae20a4b52794d4a26ca,1
0x66df459f74e7c4c4f3bffc96d99681592bbe63a9,1
0x10f2ab2886d2ffda72abb390545d1bce8b2d20e6,1
0x81d4f31946c4ea0cbfde9664170a100a866c316f,1
0x4d6aa3da789ea162a5978193bd584d3067227835,1
0x547e56e9b748ba28d4ddd354da89521f9f80eeb5,1
0xd09fbc94b3c830afc086733632ba0b63a9a44320,1
0xbbd8be55502d819351a1eeafd85df26d71407e40,1
0xe72c4bea4b5f5caabeaca6cd38894f8ede1f2e16,1
0x277ba29263bb09658bbc973ce6c8f63019901e5d,1
0xa579f766406d0e18d8c7ff81d6e2db1dc3063943,1
0x1a7861a39e74d93c8eb883d774f168be46f81228,1
0x6c5d86dfafd74031ea5ea1c7315c8010304df411,1
0x5d999a7dcf597169a7f8dfb03c7935da39c163a7,1
0x6d9aba400a2a487a5fb76c6d56518835553cd284,1
0xa134586c8a1a8df88bd60bf65f236647fcf0e58a,1
0x39b055005a4c91a01a45514a39f175252fafbcf1,1
0x607ec4eb37c210f4f94542482fa1c64bb6cb9dd0,1
0xa88220a76054be964c7d0e039643138a16ea17e1,1
0x96e8682a8a418e5d610090285bf9d6732ba3245a,1
0xe48765a07d401372d6cb6f0fc243f74c2fca34e2,1
0x20f4a287f781c1a522e918ccfac8e99c40fd3eda,1
0xbefe5d435616619253be2e448310f70136d0fddc,1
0x49f9c2be1aa71afac6f2f2ce5b884d8cda10e26d,1
0x1610634c1fcda56b9934d67f885b30dc73f938cb,1
0x782adafbf47a604f146af4a059908e946eae539f,1
0xcd76da10cacec513822cbdbaf9044682dc8d4fa4,1
0x187a22f8aaba20adce50ef5e3998b23826e6ae22,1
0xafd838141c53db70829859c9138985e175019570,1
0x64c4bf67f8782f1bca8a34172670c061edf7638c,1
0x5199d6204b788016353a201b8dad4668a71f1a8a,1
0x83e633c8151b5b94021e5c550b111bdfa805995e,1
0xa1168968174d3a4f2b6666051800115d86fdc235,1
0xb5de1fc3ca074870561bcb430e8b4976099b6efe,1
0x9cd27b1142ca7dcf60167355791a4089463347ae,1
0x93dc8de488504932db3bc900045afcf88fa79160,1
0xd191441efd409fb3ddf1992b0af2f9955d447c97,1
0x37ae7b1bb67190c1a0eea775d62df884402f2b4e,1
0xcddb35f12845511e4aa5d624eb7378220701ea4e,1
0x5068893a404e022a4cbcfa26d17e37efdc4b8c56,1
0x5ab5844dd55ab73212d1527e4cf72fea884e39dd,1
0xbf45c33ec9cc59c0de50d33d87e13e61df25dbef,1
0x06d03391d634654337dd420f16543316ce867fcb,1
0x79fc35270a2e7082538bb01487053bc695bf5781,1
0x51d9b3b8dd64fe7dd835d3f21e35183841810fc5,1
0xb547f7b9773839cff1eadd14f99928213346b101,1
0x443037c611e0236c0c3d1e811c7b785d1d360ce2,1
0x93fbd02200d8684ec0c0a48eaf07ba9546762889,1
0x8c47286ffca3d75cc3b15ffe11093abe01913a3a,1
0x381e6beb053a494b7520eeb4f6e26d4ccb503a05,1
0x2ac3b47e7bc9d42822c1db3e6948c1a47051e805,1
0x08e0a3e752d1338c0f02b986b9504f1009a962ca,1
0x7efe3ac6ec0ff5b6136766ac79a97c1e9d8fd585,1
0x8379bd16381620914d8fa3d535f6ca9ef23ece53,1
0xeba262a77d5ec21446a45ebc978db823794d3720,1
0x8788a09c09fe22fae8edea716fe770563d2da37f,1
0x66477d6f62dbd802de7196d052c650731c5bdd10,1
0x0f52c53accb80550341d9e3d7b028bafc5cacec9,1
0x14ad49660b0d69c22a5a6a89db4a2f767dfb2e3e,1
0x9ed249b910842e9913e3eb1187f784f1db6944d1,1
0xe2c945b5093f6314e889e0c5b260d86457c47301,1
0x72baea3565cbda3ce3fbf7a305262964e918185d,1
0x118638c389c7148017cc5b85d1f6d1fd25f76285,1
0x0f6b0e0ce002b09b60610241ef2518974af0b377,1
0x0743882fa09a0c257b18d53dc1b101d3f32a04e5,1
0xd16804f9fa34ed95ae1a256e4a50635981f7a229,1
0x818859ff6240c09b5ef9cb1f60f6f8555f6bb49c,1
0xa5ab762aee588cb38d00ff162bba990451de71f3,1
0xa9585ba2f181ff48c140fc77f56c09787d06f36d,1
0x1c38f0d96357168d8d13afdf8225f55f743bc4af,1
0xd8cde9b0bba2ce08eaf8ca7198156c08a5451cb3,1
0x2a91af61145656fc7f909912ed4db131d82d70be,1
0xb9f7774544cb360cfc934e2f8fd8f0a1ae30c4fb,1
0x216a18af5ff2f703f3561da414e3cecb67785f57,1
0x19142e3df9e34966c876024dfb9d805f4ea4a131,1
0x3e89a0f26657013bf251ced30d5d198c3b0d2466,1
0x209db432f06b65317b44d18cb665146b37a9b5d1,1
0x2bfe66759f0331066f3e7d57b3dc9a96bfc17927,1
0x02943529d1e692e3281c77f37af56972b09e1498,1
0x8469b7b08d30c63fea3a248a198de9d634b63d70,1
0x82e5842494f1c2e0084ee9019fdc6d2b20f76638,1
0x3266b9739e0b12dc6ecdf8ef06ce1f1530330a36,1
0x8b618b9f8ddff394650ea73188757b78421013f9,1
0x20e8e6e4f125be711b7b350353d15a0c7e19fad9,1
0xf67a5b7a825e70a78cfafe282e643bd0e5f45c28,1
0xfe0a6c269e5d903cd8686de133fbb81c1c9ae583,1
0x27adfe8457bc9bedeab962f5509ba303da0e2f17,1
0xb1736ebbdb2f0bccbe844db124524457dd8284de,1
0x2bd17fa766dcbc697c8fcb29f311da53fde0074f,1
0x72791f129f58ab697e3298ae044235a2e3f4bc85,1
0x00e484da1156202e9dd341ad7ea9c908bb919e96,1
0xecef41909ff6298d1c2ae0a9b6c013e1bee14c27,1
0x92df93709383a40e5ee70e66da100a7aa850dfe2,1
0xb1636b8336e98cd896e9bc6f91ca6ebb3c81bb00,1
0xde40d2cb9db9b1cc295e18fb2b12612a66b5c5d6,1
0x9591a879e37eab186781eb4a34ffb544fe7a1e97,1
0xd7fe95c58f8fcc7a762c7713653630e601f3b44f,1
0x2a3e07fc005c26efeffc84c29f38bb14c3dbbb84,1
0x252be7f2057dca23b1b34cb7da04e4d1af8ebe74,1
0x3c176a32895eedcd93db8d97682cd08fc1305c52,1
0xa23cb68780be74b254a5f7210ec6cf1c76289953,1
0xa2272469c824d2b34407c08c1b377f3027406fea,1
0x85e4971f80f1644f78b1c41e5d880cb56d4de80a,1
0xb2a31c6e088235ee6e279f69dcf8b7233d3543dd,1
0x60aa27022717dfcf44825020fd0ffae2535fc8b1,1
0xb8cd66e54a22887115ae443cfec0b2e484e9df10,1
0x3877b4c39476e3af04cb1ff8003db09f39f068f9,1
0x9762192613eb085cdeaaa077bec6a53e9572fbcd,1
0xb1c1997d94039adb2b62e3bdbdb77edae7365ec0,1
0xb16525385824e8cf877be513386e75d875043ffd,1
0xf7d06eac31102b085162d6a5b32e1778b6801b3b,1
0xce2c67c341a57b91439c99fa2c39268189a61dc6,1
0x27b455c481d62f91a7b55d09cf2e3cd70858ef85,1
0xaf803180a4e75eae08697b36fa0bbce292fd3949,1
0xd9f55a7cb99338aa5af9b97b70e401898f024db0,1
0x233eb8b7c66acb80f52a62047e8c680447f82ebd,1
0xf041c4f026547f7fbea6904f77bea16997024751,1
0x5643a3518350ae920b442ab70aac56ae6d45b8be,1
0x696dccfc16eede10129afa2acd8946d4cdf709ef,1
0xca8299a5f070faf59e87f6c4df6e7627d565e006,1
0x072f8fd27b97cca4e6aa26dda2eb2636cdc54fda,1
0x2141f82d131900acc49eb42730ec8935168444b8,1
0x888712f0397e830c9463f443f63eb8992841020d,1
0xb66be9ff7f3be2a847406e312b86bf7a32e94e3a,1
0xaf3af04ef762defc2f7a770e226ba1eea7fcd791,1
0xcac725bef4f114f728cbcfd744a731c2a463c3fc,1
0x193ed5de060e00c39979b35744b1b165a8729307,1
0xd0afdb750dd8c5c6a82a17e90333944d1ecdfcea,1
0x59689fe7544e73c45c4b6219b1557cd4aee020a0,1
0xcf88fa6ee6d111b04be9b06ef6fad6bd6691b88c,1
0x475d8fbc0c4115f8fa8c86dda8814b1401d77141,1
0x3ac61447a75149ba67639100ecc92c76fb20941c,1
0x0bd6419e05ac225a515286c49b5171131f3120b9,1
0x114837ea03ed4e5bdbd6471cfa4dd80d68563dc5,1
0x9eea822800921cd4425d86f0e797749b5220ce0f,1
0x9b67e27ae8b613fca9607bd1d2c784fb781433e5,1
0x7210e2acd9105775644f0dde51970cb2cb77b8b4,1
0xa7da565acbde5c8d2a0e3b7e8b158e056fe58586,1
0x1ff8e1e55a7a5f0e7bcab3160173feca49de41c8,1
0x63a612c0b8dfc559318e39daae6d0c7d09212965,1
0x4fd217f4d9c70e7ef41dfd549c7ffa9c14358a52,1
0xb1db41aa2484e3f5f5a510e07003c29fd1b0f115,1
0x6f3591e9f589e7d70b56b4a5ee974d569fae3e64,1
0x5641519cc28def80d631baa28b949f17a6a22ad1,1
0xabb77d443c8f50c3f16cf8ae126941ba9153d9fd,1
0x2d1d925f7144a3dd56913eb4bbd011b52dc2a2f3,1
0xbab878446dda4c9132f8af81e2eb0e3d12d38107,1
0xa2f26a92794488a6f41970108e267e1d67957652,1
0x40ba9dc0ffc712c5c8859ab9f7ba9fe2edee2cc5,1
0xa2b1692289b1891f6bebfac54a3ff1192b7e9e0c,1
0xe51d10eac2e892662cb1ca2902daca2ba2825442,1
0xda37896e56f12d640230a9e5115756a5cda9a581,1
0x19487393409ef4096ce5cb287f17d52b96e37c8a,1
0x431b5ddb0ace97ebc3d936403ea25831bad832b6,1
0x4bec1160255459b8f2145659ebd1468adfc758b2,1
0x4571ca8ce79492fe7e2ba3023add71860ca363d3,1
0x847affb5db7197fc6219cfb3d1b2404583978d75,1
0xe5ca77a65f5bcaebc6ed89f094d8f459b8b9cc98,1
0xf777af5cfa7a0f242b3e0cf7fff4823c15dde70f,1
0xbb5ed503d62ecf929c3ec82233a8e36a2ce56b0a,1
0x1d1c9dad9a24b1e9324605153906d584520b8e93,1
0xc9847030f808de66c18e9360b4712d395ce28627,1
0x7f4b441aff7aae8dd78090dc7d02f170d44af59e,1
0x5391ff3a579bbcb8372638f62defc7773a8f55e5,1
0x992077b523edf4ee9850224a7fb9f4499d073e1a,1
0xccb77c3e5c60cf9a30fe1a83827c0cdd8e09991f,1
0xf5501aa67b218ef340b23da0e7bcec77e70cf716,1
0x5b067f845fd99cf1e80e2b5833bbe6e6910f6843,1
0x50764457212033d6c085b7dbb4b2a909606340c8,1
0x3f2c51953bbddcf5f8569c6abc8e89e9de298201,1
0x85303bc0848b36e88a632e35478e67b549cdc85d,1
0x380165a20a0516b3fa503959dcec7da3ba4c964f,1
0x4a8169774f741170642e9d6877f47655b0fa0525,1
0x1e1500c0905fdaef033dc4c1fcaaba2a46491f4e,1
0x1d4752ec4aaaf60d0d6817fed1d2784fe2080218,1
0x7619ee03a91ea6b931d9e4e8408451b93115364e,1
0xf13db964fef5a68b497e2c56914f0d6d11511d71,1
0x2d671d4b065af46c342a4cfdd097b7fd1f5b9327,1
0x8a9253ac503bc268bbc96c59db11a2b5a2444ea8,1
0x6590ceaf9227887c43c6b3eeffab08f326a1aabe,1
0xb490369c3152488e4de44806ffb5a77547d7680e,1
0x90dc1cd8da9858a8bee4436cc9761c3c24ae77df,1
0x2c419c8b207b10b39673482d83caa3e11f3604c5,1
0xfa5e8ad3b7439634099bcd630c5a4653d6a6e62d,1
0x48d26fbd89dda10c72cd8dc7b82b9eee0af6b48d,1
0x8b3468eb2388d9510fb41918e6c9cbe0b57ab75d,1
0x3ebd392d8ac5c3c661b60c7bea129dcb1672b07d,1
0x4cd2c410884ee586a8e6418712613f3077aae7b5,1
0x8054e8f8902287708a63856597382820cfe83167,1
0xaa2cfa73b429d1189a8d72d0d9a7b1557590eef4,1
0xb5daeb78c105f2b2ea81e327b3dba5d012e4f3e5,1
0x106a9382e0698db45f9ddaa4b93596b4dd33105b,1
0x17af4bfcb2e4d9611cd65a4a5c662f95c7167026,1
0x30bc69d36190af10ca920058c5cf7ed8b7233dd4,1
0xfbb884b3c90150bf868ab30dce73a4f219d14b0e,1
0xe703f231ab056ecb99c92a1232cc1020acfc72f8,1
0x389458f93e387fc568ca4568c231a64ffd0456d2,1
0xff31a9f206215f0d059f90f37fa357c36d479159,1
0x16bd1bfc9117aff9269cf0f824c9622330b98a81,1
0xed46311e2b61683e30b658113c683b52890ff281,1
0xbb3444a06e9928dda9a739cdab3e0c5cf6890099,1
0x971995d5961a3fda21d5cce39a9c6615e138cb02,1
0x27ee7fcb38f40352d34bdbf3214bcc57af3f10d7,1
0xa582484cc6016a298de57ff45b77ac286ebeac61,1
0x51525196970866f38fae1853e363d0a355d41320,1
0x3f849f47f5b372d80407e442f360ad7b17f5fac4,1
0xe8a0cc457405c250a3142db639b3e058fd431510,1
0x0441905229e772ed05692db0967749164bc52417,1
0x7fe650c97925e3e17450208ae3eee2024fcc04a5,1
0x65415f44740dc43937209be2df83e5aba1f15d5e,1
0xfded90a3b1348425577688866f798f94d77a0d02,1
0x8e50b222b2c027259392f9f4d6e39e59c24edfc8,1
0xf5eb53e83a9fbe8491575b1174cee2f2989a43c1,1
0x75a56cd64e10c4f07a6d2cb9027580b7b9a728db,1
0x75750d0bba74ecb961fa588873a0ef69c54361c1,1
0x1f2f6361023b414ae8325fbf14b6a502269c346c,1
0x975fc3062c790429e40b1085728b3938d5bcef72,1
0xdf4c62f992ab29c3649db1fe65425c055b5c3913,1
0x23a867c9b39c940e9467f5b3b43fa0e5a2bd1e6e,1
0x5a5be7c983a6d49e6c14dad040ba8bce16317df1,1
0xfdd8e1e1f0bc23cd0cd684483a2d09e105ba86d4,1
0xa208a0e5a1a74e6b9c3f053be2d1ea884067b925,1
0xfea037b0b5edcc90c626e2e1d5d792b949888892,1
0xf89c7d48c413eb6caa787c965c8c902147702c9b,1
0xe1dd7fae1a4c334de4f374f3ae14c4012e15c8b1,1
0xca1e7567ebb572e1796ff105bcd3da637fa55a78,1
0xa8c045e857c1c4550119b612f22c3b27ece10340,1
0x902866da6badf2c9ba4c1060eec931cb1ead0346,1
0x4411db358ebf241c8c3f3529ac627069bd9c119f,1
0x249b61fd7a7502c1887e4dcb5b04f585a5f90673,1
0x05b8a95852979273231c0357801e248f1ebf7e08,1
0xeb379827548ece3cbfa0fdda3290785d1d7c3eab,1
0xe9ea67bf412f911370442f2cdcc7a5a08c00d6d0,1
0xa116583225ab2768fc6ebe9e305de17f657e8921,1
0x45557a43891a053d64da64d846b39b049f767d98,1
0x84428a30234712da09c639847401b7a84ee30a65,1
0x55bae3706b678ee2d5a6d6d2faec8a41854aaf9a,1
0xbbfc2c92d8cb89dcf74f6bdbb8053b5c1714b7cd,1
0xb76a622c7fadbe11c415d141fd7b9eb4b1f414b9,1
0xc41056227c0276cf2cf24ade70b1dcbd5a9623f0,1
0x5529e0608cfc0cab5bb86b59cba7e88f0f66dfef,1
0x58b99639cf3b4c7f454a337168bfb070ecb37a04,1
0xa0c414e69f7d3281501dc5485fa6bbfc858fd00b,1
0x696912e555547018fd2963fd945300695630dbf6,1
0xeb181342d3b3f25f015f647881277eebf1cc433b,1
0xe1f0da1b238db9cb3e51bca447f1210c7134277d,1
0x31aca8a351e67696eeccf0b7af03d41ee80998eb,1
0x6cd6604bef8786ba11d5b04777916d3ddfa313fd,1
0x6888a3a3a6055bfa68610ff9668e901236a81572,1
0x7026f77c6940f1280fdaf606a8a87a9c8ced1eea,1
0xb8257f4f9e8bac4206ea02d3dbb3a09422e42d75,1
0xb742c00783ca98be2896eccfc0d2ed6dc8e87c7e,1
0xe77563da10227d35e077bd0439a8282dd1c4db32,1
0xe552c715b14c5235d8c2d2277fc05c3c4f3217b0,2
0x1e868e0f5948fc94ed99dde0d0aba939e7677b47,1
0xe44946a036d9c1f8438d4d2a33acd969d8c48706,1
0x51ddf9ef56794f43b22670a48ef10d6fc8e026f4,1
0x5d1622a3389d44acdb31c8c6e3adf349a2f2b879,1
0x5fb33d75a1cfcdc922e736c06e01c1505b4643db,1
0x4cd2dc5d7ae7d5128a5f3207cede5e6409686426,1
0xad532e06fad45f1592cce514890130cb74802977,1
0xae9e33d5aae9a20ec475fc57c7f19f62cde7ad61,1
0x9bb404913d8d891923fa740e64912a7317c20a7f,1
0x2d03a8ef087ff3fae66fadffa30e80572ce8b322,1
0x6da2d31f358966219e0bb2543e4d2ae44d8f2fff,1
0x38d9e6aae5da479e1b7dec64ea2a5edf64aa60c8,1
0xdc36237208adb46959e77a0052843ce5446afab4,1
0x79775ef31ef6ee57a947278da20238ea1a0bea05,1
0x56befbe80008cec71897675b412c2ec746a5f63e,1
0x205a46012bc3c1a2583fdd426679dff276fb257e,1
0x2b53ba63ce6dd93f1bb2bb3245ac7631f1338366,1
0x4e948c19640c00fa1d2538ad3e9da14ab7320a14,1
0xf6ec5b0d097178a0acf493afdcda2a54545ab0f3,1
0x04b5eaafc9c6fbaef1d9851b902bbb527e76171e,1
0x2616d8d5075dc5e878f40497a4e45924674440ba,1
0x0f574d45d73f5c8f4189ccf4d98cd22eadfa9532,1
0xff6ccb4c64e197f053272cf85f64cda42bf550b3,1
0xde82dd4e42909015f79beaf4959c198ac34bac37,1
0x098b1c2a2f36e3db6d61899378ecdaf6fbff6dc8,1
0x32606c4aa95ea78d7c5b1e0e347e3e9ae451434e,1
0x90c65efd30cdf57e72c9b394b6cf36707135ec7d,1
0x7902e411e6381f521b0df84de917613e0580487a,1
0x5f27384c4f13ffc993661cad0d2f8563f1f7a4f2,1
0xbc30e90dc528ece58c1a51b6fb6d572838416489,1
0xa15b668b95fe5ea740da21db69947ac8bb400c51,1
0xde3c597480051d659a3611569a3affa367000d0d,1
0xe8d8edbf4d3dda68ce89b2988e1c31b105e3150f,1
0x10ec3e9f9cfbad272e7596dffbc3466a6ae6e225,1
0x746edf6d5f9e93667c2ab37afd6e23dd02956714,1
0x17eebf2b0c31f6af94abdb551d1dd509ba6e4f0a,1
0x8c77fc46bac2649b55788c2f1657cabc32ce7aaf,1
0x4bf57c3b1396470882fe7f448a7c9c16f25960ba,1
0xc57dd3415e5bd83eb3b48b51d87f94e91d203372,1
0x4d39d61b2969051aa01534b7c929ec205f9ee814,1
0x5e7472223d5d28af97832934dcb9e5408953cefb,1
0x414723d4f305f1dcd71d72bacbb9988f7625ebb7,1
0xec6e5577ce4a3882049a4f93b0dec3bbb8b1cad9,1
0x2ae1343a5c828cbe5c115785408c18aef387f2ef,1
0x2a6b17667bb9b1f9263982b05225ef8b8c76db65,1
0x92ff64df0d05cbfde1913cff17a531f068ea0672,1
0xc25d23d642b05b9546d85574b53f8b62b6b11a7b,1
0x213b5a572d81b9bdc71aa51c16fa746218991a83,1
0xc805afc358852017ec0487b27d743091d632a4f3,1
0x3edad7dff01d015de2181b5e07d3370a4d6304ce,1
0xcf4f27a00e789b7919c4ad61c03c796794908962,1
0x16dac3c8f74191c405b73807652ef5dbdec7aa23,1
0x215fc4d12967ddc2432a7b8936f2849740edb7bd,1
0x12f1d28803c1225ad35947d43b3c8399c2db20ec,1
0x40c8cef5dac8e6d0e4e11d1856c155fc4ee31046,1
0x5200fdc6d083895d7722794d8d002a3f04943a90,1
0xe003256f4cc1ae9d7545326efe8f05f12f066c81,1
0x7bb3fad216678a47caeed210123fc9e9e263030e,1
0xfd845e07717b0329d3f19fc920c97fba0bc4ee31,1
0xf981b1da85d5db8210cff484e364881e2d5cfb5a,1
0xd52f40f2d422fad4a1cb9666e58f080d69f7de39,1
0x242b126b5218636c2fa64e2dfe7f42bb22d42ae9,1
0x8ac2839090206a4252020fc59ad41f0cfba5da6b,1
0xdfe8beee223412f316baf2968b17527d6eba29f1,1
0x8f8a1e5113b11926950185d74567dbafb0aece0b,1
0x4b6d425fae5ef632fc6cea366ff2f7b0d5110374,1
0x112e372bb5ec17c1ea6b1d679ea72afbd2a94404,1
0x2ac2a4b5774f124cdc778f966cd9bea563fb9f6a,1
0x5304c4954a557be473d058bee7f62ff3220da5bd,1
0x9054bcff5e34326f8ad48ea1b8821734ab345acf,1
0x9bdce45a073e42b157b808e9b5a97f0e467889fb,1
0x3d5f1ad033c4e7c6a6d433d50d694c488dcaebcf,1
0x7d4d3e72d540474e24bfdd19644e8df14581664f,1
0x9e7a5b836da4d55d681eed4495370e96295c785f,1
0x7d5b6c5a0db997e704b72e5acb33a45b50138a39,1
0xde11c3cb09b437d148e5ee6b909178ec1cb19750,1
0xc01a5daafdf53e29a90f0c9637eb086ef8099069,1
0x4a2bc6f59948174714657735af944261ceddf67a,1
0x3f7dd0b106b10d06bb4813715b4e24d9e626dd64,1
0xccc986e064cef2a844a9702f405d7ea6e9c9d2fc,1
0x851fe70498e1792739e429b466e3a12cf6e50de6,1
0xb9cd01bf2680bedd1bc41b66d27840d06bf4beff,1
0x7dccc79361b0227a85c2ff788ca240d31f2a78d0,1
0x3a96d40dbd0f7f7f8ca2211fc4da1d670ddeab3b,1
0xa25c3aac588c85ea3b5b4aa84d7f812f34354f66,1
0x8423193fc2f3f23ec187b5c0875c881c7c4b8b26,1
0xfb81c53b90942f80a637d59207dad341d22c6df0,1
0x3960554bdb91f39c9170e338318dd0209c8be7d1,1
0x09a5667b8be712be466f3840923a0055cb677046,1
0x241110a05cc03ff536e0cc30dcaa218da59a044b,1
0x96bdf8dd3177cf405b0e0b1847a5ef8f658a9ed8,1
0x88ac836c64d5e7b8b3abb8a0bfdf5f6703374954,1
0x08e146bb525bd8391a4e22e665325de0f499e9c0,1
0x00172a79a73b9dfd5871a92a0365280186f7eff4,1
0x19847a32b0eb348b006c79c1fb2d3ae1276c6028,1
0x568b491fb2b4b9440f6d05e7723df0060fdaef1c,1
0xa17bfb3a816996ac3a1e26dddcc7850663548c16,1
0xa5ed8da239f400141427800da33b602a039f2254,1
0x07eb4f3273cfdb805c6baff38357d43d6c28844b,1
0x3e3721d26d5b8612bcd6504696b82401b9951ba6,1
0x7c3018a930e2d0d060069ac1ec38dbf9619e20be,1
0x620051b8553a724b742ae6ae9cc3585d29f49848,1
0xdcfe06271a89d454ff3302bab78d564ad6952607,1
0x0395ed8151455465b5b41d278f911d282225d62b,1
0xe3ce323de262fcfa08b500309719a388c5172252,1
0x47d4f20ae83bcd350105f199f900e6e6104dab6a,1
0x1fcaa4d3912461b10442da1724080427c8e1a0e0,1
0xfea1f357b453c9cd89b893b07baa6abfe8536ca2,1
0x0bc6bcdda2356b42ffd79bb9914f3af5d1aad07e,1
0x3d0958ebb5d213add4808424ad41b6439d34885c,1
0x84af839e3b2a2ba48b99da7ad663b0e519561332,1
0x1711bc52bf7e0494325799717fe640f1924617b7,1
0xf2bef831670df52ae5492dcaf6ae62aac86f6cc7,1
0xf07f65cd74becd71339fa95bc10c3c7c0a070d0a,1
0x43176751abfbd7a39549748aab57641c26df7129,1
0x6b1d9489208f6693ac85fed38cddd1fcf278b094,1
0x4f7106c4c161e138b1a39f47c91c4f1043437fb2,1
0x4299b157abde3ef09e3e2db77ea7cc2a24b30e5a,1
0xfae772e7498b0cdfc4ea929da72333dcc0dd2517,1
0x6728ecda881529b46eeb630baa30dd33dc76b070,1
0xa3b11d1f06d71eaa9cd3d0142f08e7ace9b474ec,1
0xd8c39a8e2779efa2f3e8c57d9bcd18ae0bbad76c,1
0x5fc97b4358afc69565e2d120ca61e46a2e89e82b,1
0xfe2743cf02af4a2a48c945a589ba0ad0e19dedcf,1
0xf049ed4da9e12c6e2a0928fa6c975ebb60c872f3,1
0xfcc6cce3ed9b313adfceb11bbac0ac734cd78556,1
0x22d0567f1d331f6e18452e2bb11f0ed3591ac485,1
0x3a8ce7edbffac61efcd7697cce69c05634eb0d98,1
0x029acd49d3aabc08402c84367c050dfd52b6c566,1
0x0e372eb8c7abe11c99a76ea2260cd344779df762,1
0xe4c8476226ad79c16f614a20712d348b77cf95ce,1
0xb47368845da07a6590e02157a0c7a4f3682dc646,1
0x3804107dbabaf63d3b8e2b11fe43fa3caa811fe9,1
0xb749a586080436e616f097f193ba9cb6a25e7ea6,1
0xd03d3b2c7f7b328ed02a7b7cab73c6ed03f1f21b,1
0xb2c19304101072a7311373733d2dc30b56025890,1
0xb6328f4b747b807696da1bb2f574edcbc47682ab,1
0x35acb87ddb5ddc0bad487c8c4c6133474c878840,1
0xea02975ac761a8fe34d3a8b29ecdaa7cbf766c61,1
0xc00c841353deb87f25b41ab792e3757e27cb1dd4,1
0xdfe9def041c0a05d3de86d24adaa8f9a31cd0118,1
0xde3b81bce794f0031292431bd029df68931c030e,1
0xdcaba4bf782b693def3adf5b21d81de6328e00f7,1
0x1dda870a07e2604fc107aa72753f2aa4dada6c2e,1
0x38ed584cc10acad530491b8310175e495f43c496,1
0x5386a6f9ffa069e50da90f10b5eb946763fc1203,1
0x8c847c9b48be308ab7002011acfcc728483d8b21,1
0xe6e82ab45c96fe92d050925a39f91449a7317f7a,1
0x40d775827365ae4d54cbc08a1a1c4f586b2c1d0a,1
0x050277a75f639ab8a0452738be63d735c50d3c62,1
0x9f5f028527bf4436545522550ba4ec2b14e6298d,1
0x09e342097e3107d5cf94ed60380c46ae8b0325ce,1
0x1fc444e3e4c60e864bfbaa25953b42fa73695cf8,1
0x3682fc5a296b378587ca9cfc31682f61bc21e58a,1
0x0fb3fa40850c1e472b6eced8fb10781763d42193,1
0x172004734f85b1b6e3954c2f201dc4beaeb80c65,1
0x31222b4a8e0a2592d8ee19507186237faaef4467,1
0x3659f47efc320cf7b5f7a4ab216447c0dad30e90,1
0x47e64ae528b2d1320bae6282044d240ff67e703e,1
0xe5f33c3d6f158dc9a29dd90926b8f69d3dc4f10b,1
0x995e0505603a19ee5c469d2359427bea68c6e953,1
0x423a9a8aff6d51d7aae8055ffa0072afd26ad1f0,1
0x5671bc8ccbb7c4fa0a30c74ca2c5affd88bd0842,1
0x7d87e23d7777d4829845f03f31721e10775799fd,1
0xda77fc9dafaa95de16d47859d62b733a58365e45,1
0x5022cf478c7124d508ab4a304946cb4fa3d9c39e,1
0x2feb2bdf85a303f9b13d0fd47dda36c0a82193af,1
0x20ad12be2e7ae5862b811a1ee3c624ee1dc1c96e,1
0xc073786a0df6b71b2c06fcf2975d024d317e3a81,1
0x93bbcf3310771090e88f19057c940524bb43bbba,1
0xfad7f76d73e79a9c65c85f23f16631180c150ec8,1
0xe7f99cb8c3519bee12977a9beb6dbbe39c98e8f3,1
0x166b8de4cf92d6e1da50d2811b7dc58c76b73072,1
0xfb16d1b7755d976cf84beb7f0b36ddc9c784840c,1
0xbf56b5178f175fefca63dd5ba4506a7648d6a2d4,1
0x0f4a34a2cae2c2e1881f8d960265894455993579,1
0xd42d08ca1a876ac9bd2bfe631ee7d997cae39229,1
0x9f3456016d3d5d7066a8b7d2138515d733553cb2,1
0xfe504884abd05cb7fe828afb689c06e2a5b4fe64,1
0xd353a1a0051175b4ddacc8e6e6ee5f3976b907e8,1
0x5fbe0ae423f1767028f150aa92545267507588ef,1
0x0ac4423868f07df156826e0349c3f62b95ccacf1,1
0x87f3820d2afc4b212052b0c3c0eef8375869d865,1
0x9c637f5f727825932bc332ad10ec3b41c200c23f,1
0x89cc08700dcba9d4bad5295dee2a111b90b39917,1
0x2bad77c1ae11ff611bd23f6f350d23079ad8a6e1,1
0x3e7907ef5be901f5b66d7e209ed328859cee6ca3,1
0xd8d417853b2127b8b8ea45ec406dedb244e2ccf6,1
0x45f2e08b35a959a87833c57c4bacbf58f95eefb7,1
0x0dd23f7e2fc3eeffe215e144167537dfc9f0753f,1
0x0c6314dc501bbe7a26fc0ecc82280ef29388301c,1
0x9db32b92a3026544c8d5ec2222700bb0a4d5a901,1
0x4c0646b7b71b901c5db3c469c68dda3e2d19de3e,1
0x0256c28028cac3e504f1b6c20bf7b3f4631e0d97,1
0x56a3a2d8f894733178a5f651fa9221f4f58fffb7,1
0xa110cc8dc6db20c75c60018eaadf7ec44dc024bc,1
0x5d291752da86c6be88084809405aba9024b68e8e,1
0xf9f40128e49d2941fc7c906a9eca8bb65b54d60d,1
0xd070ada7f4a088444e61bbfc1fe6a31d87ea0e92,1
0xad8cb7dd25b6f814bc067149c43cde2ab8eded58,1
0x2f77ca1f5339bcbdd99d466bea714d3d87f3a422,1
0x10e01e2c2ba427d6ae509c085ac06df79b85237e,1
0x335e19b3f5dcfa2e398ee7d5ff430a1f8ccc88b2,1
0x3976196e7f8569ba7994e79889ee2e8d33efd889,1
0x89d791d59c9bd0bb4fb6ecb6ca00efc8ffcb1d25,1
0x97a5de681575f8d2c4106e151eff6fc5a2956436,1
0xbe859a2ab26adde98a984dbe95f7fad0c0f0e566,1
0x7dd758d5b7e10bd45cef5b2bc79d17bf45192e10,1
0xa7e1a7cae85805814f6b516f7e231c488666267d,1
0x5cb4dfd8603bd594482625dec7e95ea54995015e,1
0xcda15c073c490d85a9d3021bca85468c7b8e6a09,1
0xb9440f8d49599ce585beff70e6e337fdbd496aa7,1
0x81615b97fb2fd262e2fa34fd50f1a1191bb01455,1
0x9a07f06b16ecfd29b01f7f114e9c803a21139bf2,1
0xee03f41440c185121c3b34dff993406becd10169,1
0x39cace8146f414dbd7d0ff23b212240deb1cd20b,1
0x736f743fbbccab4e24d358df56024006105dde35,1
0xae91cb00c413a8d6089ba0bc8bf66fba47a912ea,1
0x3c554c31c2f1938bdde970ac9add36f6264b55bd,1
0x35bf94c72cd19da0f6875a6ebd6215f2d12ccd59,1
0x2c23b2ea134c3dd6d9a48676a9a41c6ade71adfc,1
0xf4152b8d434a56c4b9903a921705e3b2bd111e6f,1
0x60676e210d3117ce849c858b1eba42cdaa8d8949,1
0x2a3c05f993d34bab6fa50c72f2465777d1c5d118,1
0x6cb575052aa5c146de209ab813c3f6ab82424bcb,1
0x47279fc734466ee8acfa50aed553ff79770c8779,1
0xcbaddb16544a736b48b455812d28ee71a54ad6c0,1
0x994b2b32530c95cd4bdac0ec0e0b41b187385b94,1
0xc34aa742e9f6f52c0168dff64df7854ce94c0335,1
0x0e0fe6167ddeff46c718cec37787c04f91db3361,1
0x906cc8125a4c21c2b7f634efd5a5702383b925ea,1
0x626d75920e4ecf153fa8efd61d31dd26d5cbf932,1
0xe0402c4e929956445bfc3244b24b1e8f5e3a675d,1
0x78ef03aa529550967c2a8fb0a6242f6762b9f0ea,1
0x69a0841248dff9b5bf7c58b673ae837f9f2eb6cd,1
0x29722d00967e6131dcd1615b4a56bb3fc00c06be,1
0x00005d0c9ac39db0798f6ca947202e5f55a10000,1
0x526903a3b4c876696600b15f43e88b3c43c08ea3,1
0x688976844782ca545968d368060744900c5f49b7,1
0x20a1e6ac98f4406aedec1623e7446f357d78e7c3,1
0x0da8ec9829af1b58d247078e398ce00420ddd942,1
0x42725a485c4dd073a3c15895c216acb15872abb8,1
0x856565db827588a88780454863f98a4a323e13aa,1
0xaa1de591879f7061676f4831c2e9d89651f7f6c1,1
0x0f5d5751d4f300c3d0adbcadc05f0af4f8baf788,1
0xb72f37f5bc3efea93904883cd609b14fb13196b3,1
0x5306c064f74b2c45d3f1afae90cf0d74f7523fe4,1
0xbf5365c49a7821ea3dfd0e997aa547142706b159,1
0x541237a3e049f2ef1105694b491152f450aba4db,1
0x1e83bd0a719b6ab183563b174062ec293815da5f,1
0xa4f0670468dfb825e6c2b5571e2c97d0844190a3,1
0x7d3b2acb1a40f09eba725440e14a0e0e5eab4bf4,1
0x1f92fc15bcbeb4dd24eefbead8d7aee409f891dc,1
0xdb2cf997d32c79d73cf93bc55b70f2a2e2aca0c9,1
0x6670421786cb9b4fb09181141edd3aa1e5389975,1
0xfd5313d1e1890966dc19dd9bd0d68c7f1d5933a8,1
0xb18e3c41faf4139b89b4ebf1f5ef645a3ad0ec7f,1
0xc4dd09c206b06c254c8ca02cf38e25ff04fd6bcd,1
0x3f4ac5eacd9cb45a4ec9564b7a49f4950a9689db,1
0x7829c4655970fa0114ef8cdd857467e894bef334,1
0x7775658fd5c56dc148ad359c21b49859a769e52d,1
0x9e414d7ca84ec395070967223ac64c8264b90ecf,1
0x52ea368e6ce3a5ff4dc2aec948e4427f8ffc6ca0,1
0xa610d3211a72ab1e1ecc6e6b19b3c357fe0b4289,1
0x88c5677336e252c7a53c29dd20375edc802a5919,1
0x77350e1152efd5f2d807a6124015c629a907155e,1
0x803e96717d25ed306160d35ab0368dd595d0efb6,1
0x2023e02221550d3d75fbe33243948ea76a09a6c3,1
0x0f1802295aa1600336a0beb5edbec19eb91056b9,1
0x9f6ccbdc6e8433d3f19ea28d1a4687e6255757ae,1
0xcb90dd8a79be00ca9ab62284978cf881c2899346,1
0x8c4a5c29a1e94a0e88f42ab172501a34b0d2c38f,1
0xfad7819967a6ef122a123f92416616a9a56eb5f0,1
0xfe2e3e999bc785bb053c85688da6daa4a19eb0f4,1
0x518b870520476e08ee523a285e9255b443883885,1
0x12aa1776cc7645d4b5089d1422ef33e19edb30ed,1
0x6b9ff2dc17cee986f796ce9630f8acda75f82e7c,1
0x82dcba7a8bf3aa462040038ecb3d5d90901676e8,1
0x438a9dde518a5510925289def9815161ff49b00f,1
0x2de20bf6ff647c1a47d4192d1b6d1114024bb475,1
0xb8c3e2e2a3465b74b7a57f8921a1c3f6e69302e2,1
0x60d307a8726b8184843b87b2b4a0f0b36a6a05a0,1
0xbab3c738620527f4614c0dbcf18411328555f24d,1
0xb54534d337a3e1527ce5da3c0948bf7e65598123,1
0x1c2530c60db8339639d17a05657c005812e7af77,1
0x93433264cccb31c80a62b0eee78e37ebbb0377e3,1
0x2c1725bff8496ab8098406639ee34e5b015f74a2,1
0xe39bd9e3af2054dd193b0d0217cfbd460f104902,1
0xcb3a94b74cc564f97022230a0c42817931653b08,1
0x4f08620c53f2b92fca61c78ee502ad50ccecb10d,1
0x9798ac85850fe198fb3733b088735dcac5fd6ce8,1
0x8a5bed2ba1994ab1ea48d825ba6d0275bfc7ca78,1
0x61c9740e6ca15c78959f50d5aa579b9d27e71d7f,1
0xa56b61e5dee77d1668569dadd699f70eab4e193a,1
0x7fb5cb066fea693bf39f9707b496514731232071,1
0x99fc4dd947bf9569deee3710b28fcf26797c6870,1
0x533fa4a37aaffdb02456d374237091520790383e,1
0x10ad157640b203830bcc4164d2b12fbb03b266f8,1
0x78450ed7653901900d34273a768b23f77cbc2556,1
0x3e663bc80c61e5d7baa8140503756a97245b4afb,1
0x438eb5b02a3b9dd3c093e6b50f9f031841e6a29f,1
0x9429b7d2a312b140e18981757b2b44b33881e76b,1
0xfcf82721182afe347961aeb44f289c3ab6144ddc,1
0xdb9986bd0596b8a4873b09b4a10b81b13f2c9ddd,1
0x435e598e5fd4477fbd0379e2f56afd73f272574d,1
0x9212d88943b58975afbf0af31510c0c00414efc6,1
0xc73c4eae45adf120a37075492e0ad9971a5c0207,1
0x9ce9cbfd3ded8b0597ba6d750557f21bd2713c6f,1
0x1675d4aebf1b3a77aef768526c4474755113bcd1,1
0x149d93dfc34bc8092ad9562a6672394d5edb68a4,1
0xdac47e0ea5dd4565dfde65080a18e42190600846,1
0x922d1874a9984cca520a6c078f9856a158442f57,1
0x39531d59fb7f1bbb0d47ab8b4fc6fa640f888a85,1
0xfb87834945db9862f2cbfd3fd3b3493cd2de2abc,1
0x6dd20703b80b0b97f87d44f377ea76b692504a13,1
0xd47023a767135c6468b1350c578bba9637ea0a93,1
0xc9403c75f4543400cd611083c8b8e5f46653d01d,1
0xb209e4bd577cecb120fcd1797ee399ddd6533ac5,1
0xbfb7ee6228d4e6adae33a0bd3e2a827d1509ebc1,1
0x03ecf76f0607ec754f3074c441bcc1857cceca19,1
0x49ab66b8800e6d379f4d543c1a6819b8fe48c20d,1
0xd42aed8d89715d2576d3d2bdd81d6d8bcf6ff270,1
0xf91a1142d9e4910fb5e6ea3b965440a1dcef12fe,1
0xd49b0d0a5d3013444e7f142b2706ab8b881d2994,1
0x5cccccbd3c8083e3ae3d37df50d1df7f7f944236,1
0xe9a55df6a77f50f0cc523b8ee5401ded3ee37036,1
0xf58d6a3178b34d10a0dd1bbfc7860d0f58fa4d0d,1
0xe38e8198a4e87c5f0f6bf96d9d3cd3053010a5f7,1
0x55b2b6c905c119b00a01ed864cb48b55af307db5,1
0xc5641cb442f0d9672233f19dbf4bf1f6b27ab30b,1
0x6af6e128fa71de2b65aecadd45e6a6ff6700d0f8,1
0x438ee34be7c6deefbdf0afc21c0d5375b912e0d8,1
0xc93d22d9f4049447f94a0ae8bd25d2c2abee66ef,1
0xe50a5145483c22242be79bb231963b21cfd94041,1
0xdcaa90d9f3b75cda80764326f6594b58d0585d21,1
0xdb5205d83cfcb920dd3a2eded442d9e69c19762e,1
0xf737674eb90de5a376cb947bfd6e8f63635bbfbb,1
0xfad6eacaf5e3b8ec9e21397aa3b13adaa138cc80,1
0xae805b9eaa5a04f307b439484ed881e75d36ac73,1
0x9da9f955fc06610c9f9ce5fd66245812d9820fcd,1
0xd6116cb970bcb0815fb30e9316211b04373b2117,1
0x5684d589fbc3ef36db91b228e1c6f950deb97749,1
0x162af4fd4d2f2d3a721aeee22e3cbb640f23735a,1
0xc0d30bdeb99fdeada6da1fa68d151602bebc1792,1
0xdb4fbfad1c4687c5ecea719b9920f3c92f33308c,1
0x6a3d9412a705f5531b029ef4a7b8040e1eb84ad3,1
0x7f9bea812b9b6c3c4b74ec8aae849a5745cc3ffa,1
0x47e181907accd648bc48c9f21f25c896d2821bdf,1
0x99f70f9aa62bd71a7e0719afc2d6c67c6aaaadbc,1
0x4ffe9991d2e57f544f09006bce96f2ae38eccd76,1
0x905d13367f3bb940072a133c81563f1b1a6779ad,1
0x4069d163d9ff94f4e7025f28ac3f3c5df3f7a149,1
0x5c65c8adf2ef1cbbbc391bf39f4dcb72f07a539d,1
0xfe0174255e410defaaf58b06e009e0ebcd74db59,1
0x7859f3da4b5fa22b8e0176925ef997c97f18c400,1
0x85f89831b2311fa2e9a0b0a6a72d27bc40abf0be,1
0xe5cb05aee78d01fd7869e4a872a2fb01527dc904,1
0xbe2127ebbd7c2a3e6473e213749f212b4f97c69b,1
0x618f55773cdd0dbcff63a49f3957e22db32052af,1
0xd170ffecc42ed18ce1a163c5ce6087a4c2a68bee,1
0xb789221616c7be137f33d545758f5510591d725e,1
0x177751396d8236569c5c7b04232c7b7281a3b9f3,1
0x08f189a5983980cfb5b613065ad5fbf39c62fc59,1
0xdb416840b876a6cfd878ba6af02238d146dc016f,1
0x824d4d5e1b635587f012be3cb5eefb8b2e416624,1
0x0d2657935cc0721b5e4f1d2255c01c1b9c6d1cba,1
0x8da288c9fdaa754f2eeadf8145222bd1cc8782ff,1
0x3a051f1d0cf548f5c24893934bb69cbf61844c9f,1
0x540e16d0e898e45850ffa5bbb4d117d5aaef8f0b,1
0x83ff31faa1fbe034b1bf17ad33759ed85da65e2f,1
0xa0aa8d78ee9bc587c1f91f47ae683f5e3fac5df9,1
0xe3296ce3a5d6aebab8aaf621d355fd3b3d99f432,1
0x70395adec9b88abeb541f50aa46faee668d9f9f9,1
0x3a90face21a9c77ffa0521c734c5e409f6e5b7f3,1
0xc6893eeb690596e44f6c8668990a5cd7b8b1cedb,1
0xce4c8a44881d290865598efb51c1a05ecb8a8324,1
0x5e451b2d167c2a8faf0a8b23cff27996a28f28bc,1
0x3e2daba02b8b09879ed9b517bf4603a3dd9c410f,1
0x3600aa29edb4f1c864014ca5d5f233e8616fa9f0,1
0x96667e68a477ac7220e7e2d54d552607abd7f758,1
0x1f57b7cf79f16e1a4e54d2bb881851679370be44,1
0xee92c905034162508d3730287985651765af26b4,1
0x835fae1cdcf149d0c6b73b04ca82e9376e924a0c,1
0x455867c5b24bf1a29ee02e0195b9ff36bea17ca8,1
0xbf7fddda65f8f2b4e51e3f4383df1df8a1a84e68,1
0x3d055040d91414fbdc0a9eb0cb4e1bdf222fb1e1,1
0x8a27755c3902c294bd559d31284c95e28b772955,1
0x6dc43be93a8b5fd37dc16f24872babc6da5e5e3e,1
0x2cd0118331bedac19f367a7bca347046daed76f2,1
0xc7c6eec4978799e6a53da79b540432820a349d0b,1
0x5a46c8d3845d820ae5b69cf7081c5b7c01ed2635,1
0x488b9adf17ba8c664202d22533f3866d8d6e9e97,1
0x03f0e71ac43276fcf0b327b1abe8cdf5974aecc1,1
0x8d9197335361537fb0cf95d256a9a0aebe6030c7,1
0x81a52aeb543caf449530fab7f830bfea02539911,1
0xf7abb8a325beaff58a0213a7f95a7f8fb8726d41,1
0xa158ffb97cc5b65c7c762b31d3e8111688ee6940,1
0xa54bb0f87852f8fa9179742edeafb65ce4768125,1
0xb7802764002a0b15ff89300bbdf0de80a50c5d9b,1
0x57a1ffd4a8fff660ef1dcafa0d1520ed0e9e6d87,1
0x31c72d0d03adc76456d3c14a4fe19f8aa8307c16,1
0x06876771d3b35fa0d8cb910f49d31d2864df06de,1
0x5c9032bd91b230214f14a94110589fadfc6b657c,1
0x806a69dafa134654ad8ec2a6da619c94695f5ba2,1
0x1671480eab56d1b1eda1d174b24b233158501adc,1
0xa76b79f978cd069d77d68cd3f82845fd7da80bca,1
0x0f3430417f21637dfda49af9b0a310d799b3807d,1
0xe1ff19610020d72930aee1b9c047e35b7fd0080e,1
0x44646c1823433071cb4d60e90738161f7a056cc1,1
0x78143238df750e9d9f1082e12ed56f2bfa332d65,1
0x479ee0363a7ac2ef34cba7ee82d2c2e0652d4669,1
0x5a84ff45a6400dd3c203317bb1a2ac6ce78c4d9f,1
0x56ee8bd11b5a385d3d533b4c2c6e37de78b2aafb,1
0xe82d3382efe2798d4abd2d824824990ccb75e4fe,1
0x839126d8b0ff719d5394fd288a55ab24b2a7baac,1
0x11083529652321166af1df9496a35a32e68f56ec,1
0xfd7966bedeea8b6a0c97f97824d5649b80fe39a2,1
0x2eebe34227a023035db26421af47a2d48daf6ca1,1
0xbd6006b93f10b484d22d5a9d4e17bfd0ade4f614,1
0x30cf9db393b40b16c62acb9da863a60082df0b82,1
0xfe3a48b12228b22ac7d4acbc6a1fd9428173dc16,1
0xea40a159a1430a9422f1a66f11ca9dfea76d80e1,1
0xa6d738f0ddf963fa9d4e5952224cab2ce7400753,1
0xb5c626461b1c53fb3b0956c39e2a0c3d04e7d16f,1
0x4969cf3d82afaebb1604da6ad393c51bb797ee2c,1
0xcb4de7db08b4dd0a9954fcfa0a09762f58436df0,1
0xca2db534a407cb75ac2bb333083b8e78b4f6f8fe,1
0x9f761d100c27d8c20eb32ed5c929c3332f01dcea,1
0x3703dd0064290fd7f48d5e0893d3172eadc0ef54,1
0xcd733fea07b1b68a63b6ffa84ce0d12a94f0bc22,1
0xc6add18129cc34707193e11eb180368c7371c28f,1
0x3fd7783b11d972801d2dccdf5609fb8842234c5d,1
0x1b16fa5d05f1e29a4ab8af4942c377937f022a51,1
0x86cc7ad354441bae1304f55c1f6df8ba98d44af2,1
0x15a415c7589efaf71345006d33bfa07a9a42c8c8,1
0x07610619f96522337b17019ade244ba68501ec92,1
0x30fa6a8a544721396884606daae72b550dc5c1a7,1
0xebcea89d0e3beb500449f7216bb0f456d1fd93cb,1
0x48116616e768cb2ccf933bce172dbce9f6d9a4ed,1
0x19c79a0c102a74d7bd317b4e51c229ea81769075,1
0xb87f629af14aa5dd414cb3ca2c07009175c8a0be,1
0xb53aee8de8c3589293ea2142e466348fe62b8b99,1
0x3a7c2eeb16d3ba5bc6ca62851c27bc179fd2dd4e,1
0x05cb3b0a3aee2102b092f8f07398aff338d6d0a7,1
0xd9fa295d29f022d34028182329b051cbceb92579,1
0x6ae613a84a155fd80c8e6f14cb3a1d8958f51b2c,1
0xe0753cfcabb86c2828b79a3ddd4faf6af0db0eb4,1
0xfb7f7ed923ff00a7bbe14b09b8180e2dfdd5de46,1
0x636e2ce8ededd4a0cadd638d3d14664332fa56a0,1
0xb2d0b3ed71d3221319bec07db8370b341594cfe8,1
0x02c4769c07a453ea221e403fdcc7a2203c9b1c4b,1
0x00dec4b9193c7519cdc420d660b7a12559f04c94,1
0x1e2abc87514bcdd99731aa3a5b34b02a13d1b7d9,1
0xc4c911aac7e8e1d7bf4056f95dc650ba1cefcef2,1
0x9649e370ee6facc62e1849eab6f4be7a2b5f4a13,1
0x634cabdbd8b78b69e4633fdbd4b0c7def83858ef,1
0xbc72d5d6d85cf482461163f90439afb68a76bd5d,1
0xe941c022f3a890aa2ea84081d6b5aa3b4f244850,1
0x63418dedd3d85efa35f1ce564a68869d8c9122c5,1
0xc55b7614fdc6f11d649d03420262f91db1181be5,1
0x4fa5cf05c793c8d7818f64751e4c842d17e0a655,1
0x629fd2b73c8e01888597e3d2344ec6098575af13,1
0x6c72b8c5c6ebdca27726f01f73cdefab4eb86533,1
0x0aaf7ea77d6df1761da21f269f65dc5c0db22fea,1
0x052564eb0fd8b340803df55def89c25c432f43f4,1
0xfc382669ecf6a4f19efe1e32c64d75a1daffb1e1,1
0x97e3fe76e67640b5327b406b809678c8bf5d2bd4,1
0xd04f0012e87d10204227e8a3a1ed07eb8caa142b,1
0x92ba8c06142ce9f805a35898190cc53b3a809ab7,1
0xbcf31a444c1c83f7421bb7c0a57f54b1c27fea8a,1
0xabfc4b16844d99c9e0c8658858b930659713eb23,1
0xf8ca6ae658c3223c176f71a83c1201fa69a23b94,1
0xb1e88047fe82218fea3250bf01cf3d3394b030f0,1
0xa05cd277ba50ec72fc41917437a6c09e39b99bbb,1
0x0fa012947add495be26641b00915cd9a1e5f6ce3,1
0x711402390e3d26fd137ebfe72ad3909c6e30926e,1
0x2c6f446d354199c635be737508423b4686c8c751,1
0xa6f2088af83fa7a0510a795c695721612c110e17,1
0x6fb4eea73ecb50d1d7a060c957967d0a7d379a66,1
0x9addd91874b08f6856bf6b4a2263665d2bc0d933,1
0x25c13c0f5c957a7c50966de8141b4cd86627dd39,1
0x2e0d63ffcb08ea20ff3acdbb72dfec97343885d2,1
0x1884ef1ad5254c3fe32fa0c0395eb4fa7316c8a5,1
0x17726f58ba7350a33d08d1bbad623e155fa2daa0,1
0xcca3d4ece24a32ae1b037ea2fe14fb78163bcba6,1
0xbd8a92e249090249c5fb2ff71e47b69fb650d3af,1
0xf14c5facd2a05116ea695bd1f0ca0f27dd32ab8e,1
0xa84ff8c3feaf71a7090e90f676ef1c9c94f7dc92,1
0x8dc287825d71f758bab052608ba8a4f156f84176,1
0xe06f9f90c459031d5d7f612ea12899d1f2649979,1
0xf94751812572e965e781609d3f55c6d0a06f23a4,1
0x12f543c0edbb7b738ffd6cb3912c686537332519,1
0x9d8945e2c08751ce18bab505a57073c8de16cd11,1
0x061ae2b316ba7808763be9032b23c0a35a64a2be,1
0x6dbd64d9c1aca3a5041732406eee7f75637211c2,1
0xa9283f9e3b4f549acceef63bbff76f958e1f57c7,1
0xeabed8538923d8b8e0616938f8dc657f3cdf74c6,1
0x2aa82c35f3bd48bd4e5141ce595a0628d2435aaf,1
0x957b0cd4e9851537aa7cc84e9c7b22bb68d949d1,1
0x4a9a40b2c44b7d32ecf4e0cc66f5304518ec0a59,1
0x35ca14edabb3cc0d3fa01808dd9ab5deeb59b63a,1
0x25acc72796bdf4579755708fdbc8409622d224f7,1
0x24970b51dd29dc2dfa264cd51c41998c68e3d7e6,1
0xe7d6c8e99cc5ccf2e90c26da74863afaecf6cab6,1
0xab8270c8ffc59d00c8cf7350518faee68312a59e,1
0xe2fc655272a1428454a539196d7e6cd889a0575f,1
0xacb1568482f9af61568d5fd05a54bfe8b7e60ee3,1
0xbb11796a23229457790ef1af44eafe5e429a247e,1
0x1ef710af2d02018cfc96521f83e54a516a6ba765,1
0x8bc0d88262a24996b634eb274dc4434ef7b28eb9,1
0x73e4a2b60cf48e8baf2b777e175a5b1e4d0c2d8f,1
0x02f3f238f5a6521b4715bdc73283d0fb06d276a3,1
0x79990e33e2d628fa5d1cfefafba4df145f26b0a4,1
0x1d28a703ab06bcef8666e4692fe63188b6fcbca2,1
0x140d0a10581e4a8a978e76c2afd139cd1bde2bc2,1
0x43d3026ab05f1fddfb5621b4f5b35908f9b43890,1
0x6d6c7be5f3ccdf1ad526e450513cd2a0a92776d6,1
0xa42098ea9ba9296a80a49c11e22a66c07a5e8212,1
0xe9b6732fbaaf42b0272de85d8f8abc25d18d149c,1
0x3cd378c9b1cb5f147ebf1b2c2564118946ae4ba1,1
0xf6e5eab44dda6be63c75b704aff0648bfc7651e9,1
0xdb6aab3f6e320926ade666f03a34af31ed08372a,1
0xcfc9be33af04bb18f6e7bec4e1b1ffcd06900842,1
0x282173335ae1f328b34eb9acadc052e59e70a89f,1
0x574a8af005c82eaf05e92c9ccc01048e1eb1ae41,1
0x2937769116151d3609bfcd7b5efd23dee4f4d913,1
0x748265d3d37073295e455a507c2d1bf1e1e2e7f3,1
0x82e133653e5069a61062b28795ef19a99a3d2c75,1
0x504ce3e7a71a4c87506b34fa4848f32d81ba3d8a,1
0x9746f004a75b79f518271e94170bcb13a2c2a559,1
0x5c6531d7d9b6538d37ebb7dd4e05df1401dc4666,1
0x7051beebdc1fe5a678a8504370a15f9491b30688,1
0x44b1c428744baab6056bd9049bce34ff32144bd9,1
0xc044de7f0f2001ac5ba0d9cb2d10201c05f88402,1
0xa4d091b1db12e733e1e27f637bb2305672365b85,1
0x493304495b1d6708c40d47f056547eceb8834373,1
0x5bd906bc2c38ddf3abd65b6e81e5f2d2a4ca98ae,1
0xf8db01f59d0caa15067156ff7ed786eaf207753e,1
0x5fd403fc29ddb91842d3c3f42e4dd1be2a1f5e37,1
0xa817a1cb451c6faf973e54fe3a6732acd5cc4d2c,1
0x34092ce00826da047acac0ddd0b366eda43bf0d3,1
0x29488e5fd6bf9b3cc98a9d06a25204947cccbe4d,1
0x77acac99ac831a1574b9db4d15299e98e195e6ae,1
0x7b220358c3ec9ec03b08120dccec56f16fbf33a4,1
0xeb7921cda81164f7e711ac0bec1a9243fd10a815,1
0xb9ef0e8383eda06ff12b274b961febb0cc97840e,1
0x1536b993645ed5c0b731011f8534554646a9b588,1
0x1e5fe56aa8f66909fc7f2239749897e171380b65,1
0x83a2fc8c7958422faa8a003e955751d696f546e1,1
0xb524ac0d100f6d35a82ab5a1c78ce2edf5bedc39,1
0xa9e3eddf2616b3d2b142f439575a7811e54223e9,1
0x7caa9f43822e288782e3e8797c8a16774c689b3d,1
0x3ab6ebce2ad183ca65b432d715512cf8640111e2,1
0x5e65a0ae97928b30f44c6fb852c27cbb47acdeda,1
0x290d59a28b8cac6d358514c30b0e44d101d688ae,1
0x2aaba4b94a805f0fea696dc11de324c2320ff4e1,1
0x820ca1160d59bea6b22ce781e8a4ca2a64471ed9,1
0x5d15989394195207534a9ecbf582d712a2d2ebe8,1
0xf9a4c2742c913dda4f710f574c5b77d2c3282fa6,1
0xacd2a5145014bc96a0bad0dc0a087873dbea7969,1
0x50b3aee4aadaf115c4274bda7b788572d859a9b2,1
0xa7efbb4a06a680f3b65c5861ec387408ceafbec8,1
0xfdfe89e9cf4f07a04d8a218565706c413e5246ae,1
0xf6eb2f6d790b7571751e5803d86de376b248e11d,1
0xa8811a290c1690c39732118331329373693d9e2a,1
0x1b97faa31777ae0f250be8307673e8875559e44e,1
0xa5ff2bbc712fc114c29f3900ebb81b7713fe131f,1
0xbd2c9b8e92eb619113456b2db3ca27e935856247,1
0x540dc798fa5c622f53ee88c5b8d1f504f7e75cad,1
0x0166ab96b38a8f346225d316ea09156188ccf020,1
0xd04a168be2dc7e756ee916aa7525076dc091357e,1
0xa44b68fc590a2fd1cf48f2689a8aa2c8b62d2261,1
0x5170ccf3f96c73aaa1f560912e91049ca77aade6,1
0x43d82037c833cd183cedb1aab89e862932b8d1f1,1
0x0b976ac2a8c8b9d11cd6fffa688e6756379322c0,1
0x52a98cc2f1c17acd12054e891213ae17d05e695d,1
0x0c54a765c77a88d9cda0bd7ad9b10422848d92ef,1
0x97294b51bf128e6988c7747e0696ed7f7cfee993,1
0x912a0422dbdbc1022df26ae78f11de51ae989d75,1
0x7132f37e94e8752ed37f3239597e3d927ccc2d83,1
0x782ff3f609427680db175365c24c238f89fdd276,1
0xb8dfd425f4d6227036d5342cc4ac2b90826e1b05,1
0x9bb524bccce50c6a3606cecd80cfaa38d7d4fc26,1
0x9052e1b507c2b00ad3acdab4e47eb2dcb98dd59f,1
0x3b748a60dfa1d58eac080a5ef24b11a082edb6d2,1
0xfdb9636ae9561b8a90198aba8eb55506772d1eee,1
0x4ea5d9f17edf75338c48efc0a312187990410cf2,1
0x46e6aa05e0867d5f0feb749e81e005f5567ab317,1
0xfa3dabf38f872f50c62c3d39920d173d215806ec,1
0xf80f445c27b56426b0a716d5edc3e86cca276579,1
0x5c70af3ddc7e815a40f2a09d22483e6e24eddf8e,1
0x6eaa9bbeb8d430bc192a7308e5be1fd83911c39d,1
0xb4d0e8be45395e72e9c1af25f59d854bc7dc5b48,1
0x9959dd45f8d5168cc556e8103b346590185e9616,1
0x75fe6f9af2e4b4fb9e86ebe26bb31162d292b315,1
0xb855567a17c266c1d82a52bb093ef5b6a66deb01,1
0x6cca90e06a9bc74cb83e2c02a6b28a749e98582e,1
0x88ac177f947a71975266a90dc995c5634557b24d,1
0x6d9dd2b0fbf6e7d800f31c55f0f2f9089dfb7dc2,1
0x879f36dcec0780ed7c0f863c9951cfe881f10144,1
0xf65c46b0abacce6f59066dcce9ad88bbc78019b8,1
0x7ac55b39ef52df3cda2e6189965f60802a501db3,1
0x3acc6ce8530227575c94459e7581ea665b2c6475,1
0x5fc33d1ad1a0ecef11eb5cbcd7c30cdf3badbc64,1
0xfe5302443e2055505e8c088f8e115faf720ca6ca,1
0xde175019eb8e9ceaad16825f63e4849149cbf957,1
0x828fe9cfa3c1d7ec49b7bc70ffe8898970b25088,1
0x077bfc14dd6725f260e1abfd5c942ee13a27091b,1
0xd6dd6961d3224958fcd306b76a991ab974ec1ebc,1
0x5efdb6d8c798c2c2bea5b1961982a5944f92a5c1,1
0x3e02aa6b648394769d9094838cdc100962d33e72,1
0x92041c816fa960e2352f49ac118771307c416a17,1
0xb0d26b3f358a0d559a714095a3a7778f74acbec5,1
0x775a6c15ce78e38ca4096e2357cfc6023e0af925,1
0x9efd5ab8ec90ae878f5ec5bff755d211d672c76a,1
0x9553803357f9441ee426e701a1bd8031f814fcf0,1
0x157234e891ac0d70fffc76ff8e399c92ec264a5e,1
0x596558fd287175afa7ff695f565f65e38547b0e6,1
0x4b6760682191de7e476b801b7ab42d8e8a5b041a,1
0x0eff332610b81b230449c8614fd2517a4c9f5e46,1
0x9481d8bc76fb1b7d2f95733a6ec0b40d0cb1fffc,1
0xc762db4788dab62112a05a7cd9c8c381933d768f,1
0x0b8202f0e0f992a6b8fca17628349583de1f7c78,1
0x48f1b764b8cd851025b88fa28f92cb855b9079c0,1
0xe538bae1a0fe4048e92544b3c67e5e0f340830d2,1
0x58058169d69f9c24a53ca88947cd2f9fc4e5561e,1
0xc229d7d3dd662a1b107e29aa84bb0c8ff609cf3a,1
0x19f7aaafbe0e40ec36c0a5349b20fb4380d09586,1
0xbbc43cf94ad648d6e5c547485f67d0cbb8ad7420,1
0xb4d502361a3c6f823eeb9a99af09e110382206ee,1
0x81a669f6e4f11d5a34ebaf1d85b38daa63cf3ef4,1
0x0dc1a10deec665da58542b6945e7d6869e05ca08,1
0xa883b60c5ead0efd604b41a7c0509c3c6b81739e,1
0x5a0e828703aa063b375933dd9ab1c4a147f14abf,1
0x118fe7cec5f26a7c50f6c5bf732f0e6951222ef9,1
0xf05155f792819710da259c103d30e4b70178ea9f,1
0x49dfe490c49b15625f98c543fd55e8a2fe5fa5c2,1
0xeb9d9836b14bb9eef7cc0f40f87f83f6f959cf52,1
0x832df0f1a2a40286b4ffa79676fcbc8b78f154ed,1
0xb70c3049982c09c18dcbf8596ccef6f5b3c239a3,1
0xe95bc7ce8b9dad12eb427c8d486f47800b0b0024,1
0x16ae62a3c2b3ff7c849a9dab8fd9dd6908b9b791,1
0x4a6d345c287e3c315eafd0e6a4274a74c6cb9af3,1
0x32f72648a8fb1f97c6688e32cd5d5be8a8e25ae3,1
0xbdae87fd1cbe5c94c38bb483838aba1767231290,1
0x0f455e2c18feb1438dcabe2ef5e8344e7f961272,1
0x998c46ffd2ab73b20fef1d4bca6394648d61dcec,1
0xe628e7eb5807f73a555a41867af235351d603e2f,1
0xeca588e75c8eb0d2322f52c2c90bd525c5a5d93d,1
0x73010bac31886ce742d2a8283321ac73d193bce0,1
0x1fffac0101e4604a83bbb5bb0d783c965c2c6f21,1
0xc665a60f22dda926b920deb8ffac0ef9d8a17460,1
0xc4bafdc0a6b7c1339055cea9dfd433b28815ae78,1
0x403089b876128b97012aee31e3f91b4f6cfebede,1
0xabf566ff26f3679624441e24ca8db84bd46c2cb5,1
0xdb5c70bc2b7363c15b11750274cb89dbbd9554ec,1
0x45d2bafe56c85433e0b9f9b50dd124ea3041f223,1
0x7c0aca16d409ad72f1729fdda4205374eb853645,1
0x1ce4d8f0362efa9d16eabd90a2e6eb683e7d24e0,1
0x810a8c0bca2df39859c590bbe40777c419395c79,1
0xa16d18dad5aafaca6625154eda6cbeb5c4e7071e,1
0x14ae8100ea85a11bbb36578f83ab1b5c1cfdd61c,1
0xa0d71d516c6149c958c489ab24223c99f5df906f,1
0x39d588fe133de85df6dd5311454c885d2bb5b1c6,1
0x97b8130ea1a8ceea05d5c4968fc71e628bdfaf85,1
0xa2e9ec27b948d85b11f7935728cb68e11d73d8fd,1
0xeb393d85bc24651ff5163e254150825a306b0b8a,1
0xfd1541c5947ff8c45300661feca814f758dbde94,1
0x641f4c56d17988bb9ad657c6961baca41dcf5223,1
0xd58a246e385c67d87df565a3a65deb98bc27d871,1
0xd9604c9076ac3f982aa73f74af4d061335403127,1
0xae33247dcd75250c4823db8433c1ed40bd63a27c,1
0x0f6f5883c6ea1476d753c38764a3a566c420969e,1
0x951038bb372d16180c0afb0f46ab283059154004,1
0x67d693dee156cf89ee524b961cf19e4c023936e3,1
0xdea12d981110af0e9c8436b50b3144225db65326,1
0xab8d0a6784ce6b16da622c9a3a63f611c5f24cf7,1
0x834cee2c58b212d37be016f303bc46e8184bd864,1
0xe5cd0fc813d020644c496dd964a32eb9ac17e50d,1
0xda766f4e22456e5f932070eb91b7e6b14c6b08e9,1
0xe8e15525fcee15410ed827008c457124080f7753,1
0x767d003a3a6983bc3e5e64e8c8c4852f7d3163ec,1
0x6aa109caba9d364d1c27c2e8747c9ea9c716673d,1
0xddf3a4666dd562627c2cea9408a9f31af11da182,1
0x9eea866c15ad425aef0e1a0179843a8f98341436,1
0x401f8b8348b8ccfdf04bbfb4e3e6df105c9e71e1,1
0xa454daff2609603b169e6290fe69667705ed11fb,1
0x5f30222b87a2772da131c330197118cbee28b1c6,1
0x1622325033583cb93e3ce3019fa00d1038bdfc18,1
0xbe527aa383c9979d0133d27b8ea1c43b694d6f9a,1
0x310e8c519b3d8f2e48df16dd5eff5a0eb4070bed,1
0xb2aadf6bfc0a5213acb9c279394b46f50aea65a3,1
0x2ebb29e0eb7310e073b87b1d7b13ea5ac02ce614,1
0xf4ea2ddd1b59686a6e359976ed65674e97215df8,1
0x677f01b794374395cb2f4c7d85c49611d920f426,1
0x8c48b40dba656187896147089545439e4ff4a01c,1
0x83bda4c6d6238ff9d6bb955344e6849ac1ff21a4,1
0x7eed3caf47728c4b22bf9b70e708b513b5350f55,1
0x368dc50bbb5928fc72847af3bf10ba5e4a9b322f,1
0x174a075fe80e1e56bec4d51c02e09a73e97f9866,1
0x64ac2084601f8cf846f359ffd956adb5a34c6722,1
0x945cb2e060388fb321840280e40fbc1b9eff0885,1
0xd6cc8bf1a2bdf94be558a40b2a665a46c94211b6,1
0x95f9f2fc223110ae09a8140c9a60b848434a652b,1
0x8fb509aec80473b4e3df11b41754c6d1ff294322,1
0xba3e6e7918f2b767930294545988b8143257518b,1
0x4a22528949fecf2bd2bf7364c83e389d1071ddd1,1
0x2336ee0447b55103e8c01cfca82067445d8fa571,1
0xf4290ab1a8129b8b887d3ab331f24ecf812bda8e,1
0x445816ca9bb0146940b802d49ce146787c73b5ca,1
0xc264880fad20d56eb6c5c18bcb2f3d50f72c7663,1
0x8a01a85f1962938bbe6d19266581eae9ed33004f,1
0x80b3153f39aeec1ef68adc038913698e103e6e1d,1
0x8c1321c782c169aa93c7c211ed92956e84d2f3e8,1
0x53887f0dee06c6459bc928f9f39beccac3947325,1
0x7d9feef5e79982be9dd6742162b45dabefde1428,1
0xdba5e808593f9438963c0414a225ceaef40ca1e5,1
0x3019ac23e58d3bc8c24e4bd86c1c09d804d998fd,1
0xb63ff8a10c4e456fb40bf88ca513ea397485c49e,1
0xfecf9b009af216056d27759c1489f00fc62428e2,1
0x83a7d09d613ce63d9b9c5ebb16dc48d7f8ca8942,1
0x652c09da7cfc545ae2c7cbc36799cf90fc8c0bff,1
0x4bd775141ec1a51067a09aa8055ebe70d3632618,1
0x057931155d0c6355b1bd108b0fbfe9bc77d59ef0,1
0x67679f44444c6a896ef894713fed7aef8d8f3234,1
0xc52650d88793cf5fc0295bee9ae49284e67fecb1,1
0x08d4c631940a224181e70b6c81a1fee6dbf3251e,1
0x47029dc4f3922706bf670d335c45550cff4f6a35,1
0x09bc19cd33faf805e55b708c2db3de87979b3950,1
0xe7410f6f1d5201cb9ef70cd49c6436fce000b492,1
0x8ef33d3c463dbc5f2791e8f82bb73474652901d7,1
0x07b49fb0a930e159ed6f4c591c6e306a633d8a41,1
0x8dd62416fa3c6efada57eb7a6383885045390204,1
0x18fb2a2d9fa010dbcd33685a86ed209b821e5cbf,1
0x9da6640321b9c7a538b5b126e2cfbdc6a999144c,1
0xbf38423c1412a58f8ec0ec00abc25a1de0b5ef82,1
0x8bace3a49a375027868cdd34e84521eed1f1b01d,1
0x1a02791dff7b2f1070f2640d073ff10b44314227,1
0xec8982195f339e202c0450c7baa82fb201003222,1
0x9cc392a5a2fd06ec0274ccbcc47ed7fc2452885e,1
0x900e7ad1ab18cebb4c21f71795364e9b636831ca,1
0x9283099a29556fcf8fff5b2cea2d4f67cb7a7a8b,1
0x54c375c481f95ba43e2cecd6ef30631f55518f57,1
0x07f6f97ac29fb6882746e7c95797d30c1b50448f,1
0x5d0ed3086857bc36f6af403110c8c3715658fe7f,1
0x13e4c8c584f3f7b43454fe0057cd88059bb39cf1,1
0x53cbd34ca41a2373dc329c63dfca349d90139e27,1
0xf0fee5a0c7e4fc288116e6b0dc9bb99a0e4c2f6e,1
0x6860d457124613765a81a57a5853f467abf2d8fd,1
0x79d55cabc1daf0e5ce5352ab6b8d267074136917,1
0x23711364e014ab455dee32f02e6d2ae7d070f9b9,1
0xbc77ce78c157fb7a3bf846e6ef9a6887cc2f95ab,1
0xa3cc58eaa3800dc163726e031a2da49a9bb64eb3,1
0x2257d2af0f1af5ea7de2a01807ab173dcd383ef2,1
0xc1cce7179a1463837f30a49ab393ec32c32fbdd2,1
0xf853184415ac2312844e77cc7babda372e8f56af,1
0x7dcb39fe010a205f16ee3249f04b24d74c4f44f1,1
0xf993d5474cd607e26b57e1de1556bee36de2d0e9,1
0xc76d207ddc2165c884d3865252085dd8caf42648,1
0x4898203e852b3ed44cc3e8d37f702fd0a7bdac9a,1
0x50cde770461ef53b62e083313d64b5b274b4bb78,1
0xc098b15a6d715eb6a328d0763347fe49e642a1e7,1
0x5c076659e81dd48a5d73c81168fe739c2ab89087,1
0x0a689d7687f20ad37918291fcb0160452fcd4af0,1
0xa43424732d5670815dc31f84fb94549fa70eddc6,1
0x38b2739bcb869494cc7953c79c97e3bcad7eac04,1
0xc35152b4df68fbda0f5ba3603c7ebc113ac2ba76,1
0x173eebaccd2114a7bb7aeb6740e8c2dce8263382,1
0x062f25c17e026104d8e5d4dc15e3fc70d4a51d24,1
0xaef5e4352e67149a47399936ef3a271d729856de,1
0x2bd4a0c15f21e4606edbd4421597e472135ca862,1
0x88abe3f831e5bfa67f5a1c209511b7996b97b595,1
0x4839f0a75ede31d26613c7cdccba89be774e9856,1
0xc7380be6ec377a6e66f34fb89d04a21b3cce2e4f,1
0x45cbdd1514faaa46817dfb44c49c66053e590436,1
0x744166a0823f32f17a9a873a2c7fd0e21814c828,1
0xf2f2503d93cc1afd87ae80d38d76cba64249acf5,1
0x7cafe10a6440eca9570c1428582acf6f734cbd36,1
0x5c2a00d4051455f05829d818dac18e438124e79c,1
0x2be9f18c46df11f05b581131af4d339c20c7254e,1
0x3ac2cc26fbb230e704393dc79e97cca47e709247,1
0x96289cb2986c6d781006b0dce36b143b21ab8fe3,1
0x82b8b659a4a98f69cb7899e1a07089ea3b90a894,1
0x6151ce5ae494292c221938c4647755eab6b81b34,1
0x9fde21b020cd066a24c8fb919fde2fb8c33c1969,1
0xd5cdf048c1c6616dd3e757ad277c1bdda6be3abc,1
0x13a716dd20763000cbf87f999548c3d67f936d35,1
0x7f8686e38365c1d368f054a4d161436efa3eb829,1
0xd288767f458ea4456f6f20e2b08303932f9f4475,1
0xb667344a59c3b1e2ca997dd5fa981466531eea88,1
0x2de5ec82bdb8bc7662e9994fb24ea6e6f79d9d69,1
0xcca3fe904b6a635fa3c4872e3ab2e60acf8b3c00,1
0xbeddf3e43015f5221f5d1ac0fd0d2ab3352d2f7b,1
0xfbfd507f49a08b9b5f0a71231f69a38864d4b9ba,1
0x8eb660ff7f8a58264886b0b171fd12af0c465dae,1
0xf5a74a49825fddc6d331d4141c9a35f723709e08,1
0x3c709c0227a72a3977a6be665a007f90a80f8011,1
0xc2ac36ae74784f290e7b912e5cbf35c346fe4d93,1
0x6e94228fa20c775d2fcc0078a01fc903914e9d2e,1
0xc2baa32b57a91b81d35ef3052319873bbd16cd12,1
0xcd980b28732be9ddfaaf2b12b292bb07ebc86889,1
0x632734882ed0127fbdf2666478df42aa916bdc84,1
0x21339e2ce5ce1d7a19a28e774513619c0c6259da,1
0x8358fc2dd62c00c1a9cd0fcb577309a4cead2471,1
0x70d9b2084d24823789073d3732a327b2c18a7e6f,1
0x22cd7ed206836ab41562aa4900318eae79190bbd,1
0xd7be5692548d971eb47dd7705df2998a87a2c86d,1
0xe108f21ac66745b0d2f825b7651fbd610422b3da,1
0x50a7fa1b39eec9043de18e07703d2c857cdc25f1,1
0xc25424d003da3d80024e1ec27640e8fa82fc02cc,1
0x1ed6c39c8b8f21e25cf766ab2c19d6d51542f815,1
0x4c7cbba31f8abd69a3a931ea86e721fb9b9891f8,1
0xce1966d5329bc0f3043dc09c6502c237d866ab05,1
0x6a9b682290dfd41f19a6211c0b219050affbfbcc,1
0x8a3b8dfe66bc420c1da15af38bf1ad3640594538,1
0x3bcfd0fdf680ff94dcfb9953b5e6058af531246c,1
0xab12bad50fa40b37371331c00fb5a035dc5624a1,1
0x6baa3e9a0c66c00bf71ab14cb9f5d5f242646945,1
0x0c541e92ccf573ca6104031cb2c4888b321a0fe1,1
0x193d6bc3375f4821cc2c3d69f79261576cc3432b,1
0x92bdacf2a74f437feb842e75d4117f5f829e53bf,1
0x78be728383150acb5849ca67211bf73f97b0bb90,1
0x864f44fc29728ba1261a61a1b210f5348c6373d2,1
0xc3cb2cc3a52c821e72205fffd81a32139bb6c0d8,1
0x52dcc21f51dafec21a428bab7707af69c37c2878,1
0x2f1390ec03a03e57a1406bdef57c9cf487f62b78,1
0x7dcac6e167a292b4570184121a4f4e7f30c79220,1
0x66ea1e72f842aa17f368cb282acc63ce7757b447,1
0xb6ad61b7558c718269a9129bd9ed9839d88a126a,1
0x01e638b805108e7a2e928a1b0c263890f017a3b5,1
0x8cb7f1a4f44593ec356b11c70c0a977c647c763c,1
0xf944030287430a84583e565e8feb3792e9db0708,1
0xfcb85d4139123b1ec6746d1c487a2201045b9f72,1
0x12dbcaf089d921da60fe5dfaef912f11633b7dc7,1
0x0ac25e1a3dc9a10ebcb52328c6b8bffd3ad4b5b4,1
0x59560854986b354d2dbc4368a09526dae0b244db,1
0x8f56edd3f43d85e24238e6b209f5cbf743fb6475,1
0xd13d7e15c452c7b96f8978aae44c3c6b6a1c40b4,1
0xe7a8a504a82f0a829656261a54d0443f85e19604,1
0x06e54a1da420a9162cfb33399db2b8185989f8e9,1
0xa4322339b2726a561abf9b911f76ab00429e7a4a,1
0x2f80b028a6e5c0d1fa92f62c3ed000af5bae143c,1
0xb97e95c65384bcab44973e10324bd49b7ab49510,1
0x8332e69cff9b084d3cff0165a9f254cb2dcd98b9,1
0x15d51e51caf5585a40cb965080098bfb68af3336,1
0x9127c9221b22ea3789c90383284c72dcd7d9b9fb,1
0x9c335e4d8cacda86647ff4497789019c7a762a62,1
0xfd85dd30e9c763b54a09a9198aa2c36af917620a,1
0x3e1f1fc109b0130a8ba13a1546c713d030b8613f,1
0x7a20b6dd971673cc75f507c1408c13140c11b472,1
0xe6a9d02ed5ba17a74440b8d4bc82d1bcd698dca3,1
0x938e202f15af8c8a782588262c3ed0565a7f9411,1
0x120a634d360c163f4fb9c78793fdc6d971a41012,1
0x511077d1505d3e5ae2a5aa4d7188f316a1228cad,1
0x077777f53544c2b2ef753c19e8fc048049c5ff95,1
0x9f281c5b04c091096ac468a9388f0ee6b0b8b1f5,1
0xfdb26046b3138f5a812fffe027527c0bf9c4d686,1
0xc1fbb588d85fe6eeedd5a902064d1b9babe49cc2,1
0x79fdcd2a99070c0b78d84a9948f9bd21bbfbe8ba,1
0x6d211a3b22997b7b0107364e120a03372267eb52,1
0x3861dd49aa50ca22c61bc0e3bb0f3d597cc15232,1
0x289089cee85200e9e07d09bc266aa58a3266bf1e,1
0x5c3097e7fd3b97d9fdeec6d378884c892ff0545f,1
0xa8450d71b98ca4955c63519ef593ba886c5b2b4f,1
0x6c24b6319e22965d4361086063dfb8392a06c0e9,1
0x1b286518f6ae3eda6111f0bf13d3409e2e5b9e94,2
0x3ee24138a7a6e9f5be87b446b9045fd69589f3ce,1
0x7d92a98884a726b005234ffa3dffe018b8ce804c,1
0x5d181a27b5a2f444ddf4b89d65c88214d7413ada,1
0xf8ae436403100fa10603aea3c7b1ef097d61d89e,1
0x0e95ee3a584d95ce952f31b042ac0d5237644431,1
0x29a1b9078ad9125c1f66c38029c75bb014d5567e,1
0x9bf0555ce71d529a8f2d79fc4cfe9aabc2de21b2,1
0x484af812ef1c1a1771f1101d09e749c24a7b56a3,1
0xb5ce9f0158b02bbad38eb706bc3956d5b8b55288,1
0x6792ed1f7e5a22b9403bb389156c742d5f2d9d6f,1
0xf6ad2baa24b7be97921dd359eae00ed0d8a1a5cc,1
0xfe3bcdadffe7a328c5d30ac909666cb004a5153c,1
0xaffebd20ab189db1d41dd28351f10a343153a872,1
0xf762c3993403d170adee1f58974215905887128c,1
0xc98ab314db54fbf86ba8b540628de2b4d18f41ab,1
0x3f3e791194fb13723b2bfcd663057d4ee157c30f,1
0xd1d99f286adc9ca0bdd7c0b234277aff95372dd8,1
0xc4b1f3c269683fecefaaf67e6a937aad2a282dfa,1
0x33389d09b2e267918e645f56e8ea41a1a2ad97c3,1
0xbc639475f854b17a2a384e31bea51a184a44b903,1
0x96fd61202a698ee3eac21e247a6b209ea5ffeb91,1
0x09e4560469666b2019ab38f4173fa160c2c5bee6,1
0xe41fa9e34b5ae292fe3a84d36d694afa3f0fc17f,1
0xfd63dea5d523216b25997dcea086a0d93c16f2d6,1
0x2f39d00a1fc21f2dc9eb5671147c7ae98f254b6a,1
0x107d1198854fbbcb2e1014c3ffab166b2595586a,1
0x5758af9e9764c6c6813ef516c6cd93c9726fc4f9,1
0xd73280d61210370d32c3dd05639753ec7f0ad4a9,1
0xd57729ba3b5a1a53dbddeeab17e26c9cf3af5e59,1
0x94bd59027a36469827442108631d4a07d0e08846,1
0xcbfdf7231850cb9c835df3ebac0293e163bcabf6,1
0xe45a825059b756518245f81dba7094584d26be55,1
0x6cb596c5b8f09b4bd1c534fbfb9389d1b5cb6986,1
0x47d9e2c5aaa56bb47b4ddee929840b11be55da77,1
0x32a348ead7ed30d35b96b9f87320fef862033574,1
0x72d037f63a6c782f85c059fc917a12e71b2e0c73,1
0xdf44cb56916b7692fb13a33cf9707ca840a11142,1
0xa931a25217ea04269e9fb9b90e2ffc72e9e92839,1
0x05feef6f10fe8890b82c9bf5065d58fb9b9cb284,1
0xae980bfc551b7ec92819935341afe51e9bd478f0,1
0x579759cd7ae72fef8987444027504692b9dc87d6,1
0xadd2c95b591c28e48d8b6b94043ee6da40fffb5b,1
0x4f36fc5b7d34fe98fc81e5a8e2c76312a4d53865,1
0x1c97ba3997c34ba30b6ce2e9cfc3eba0b544d752,1
0x8e3548961748f21670cb5c38a70bea2a400b16ef,1
0x4c14c82fb34796ffd8a24b0ce6827ee8bc640f1e,1
0x7fd7e17bb15ceaf850376453dea842386f07aa12,1
0x4072d2c6e58c9a3d43d692c0dba81ec0eeeed15d,1
0x2c4376b9414fefecd89c9b770416f7516e8af863,1
0xbf879dfa3ae386ff7c071f8c3e3e29eedcb94a36,1
0x2556b5c5df5af26562f4f10e97db6f9869d6d16a,1
0x1034e624b8fc6ea265e1d04f32efff5f812a563d,1
0xb5a4e4cb6aaa9f6ea1e00444251682e0f20f86ea,1
0x5e72e7586451ad000ecc0f605c25b663997280b8,1
0x24b456a929663bf38195e0ed8e2d2db47aefe966,1
0xfcbe1f6ec1c26c8f48bd835d650a3383ea1797c2,1
0xd10a92535af8782e06f22ce3f71e63c44c2b4e50,1
0x2e8f6f8662593134dc8311e312885921855332bc,1
0xbcf68dc1c2a1a57658ea18641ee317dc249e1428,1
0x52a1fdcbb75945b7a315976932adcd1d8042ce6f,1
0xce5052edaa831843ed8689a55cbf30147aba90f2,1
0x025fdd585f03ce846740fe5542469f1de425e439,1
0xb49efc9ea89b256758abbb8d89d4206e6df75c34,1
0x519f95380bed75a307dd16d53842d83f342efa3d,1
0x418ea8e4ab433ae27390874a467a625f65f131b8,1
0xe79eb6ce66353cd38e5a9dc67c97c836c86c6912,1
0x9ff3d60cef60e835f142ce5e13a180c70ac89549,1
0x6263b9edc7a9ee22789ec45995d17d9d21b8a609,1
0xf4a12bc4596e1c3e19d512f76325b52d72d375cf,1
0xf08755720ffee568d320c7daa9f5822b82c4f7a8,1
0x6157f99a85cc33ca489b0da7058bf87d17e24a14,1
0xfb89213242d1043e560b4d0232a75b4f524e74d1,1
0x23546240effa073e8e23caaa7b41a6c525a7da5a,1
0x5e9ec7ea604562151e2554018e5a36704c8d9019,1
0x692d1fce318f98865203a256b1024e070295c6f4,1
0x208b4a8ef875a5e4645e23f27343f47fd887d9c5,1
0x5bff4631326de92282197696366df57198e38dd3,1
0x2caa3893ed4300186671265727b90ae0b518114b,1
0x884befa765a966508cb0bd8ca36e300a4529f380,1
0x94fb300b3796bd07bdda0f3bf94cf17952a0a11a,1
0x5a5617ba16beba3d04ae3c6b1e9d522c1856763c,1
0x6767b1e546dcb7499652a1fc4bd6f1e36992623b,1
0xcf92ffb816f65c8eed8bfd571e9c3eaed5180dbd,1
0x38090615458c10d067dc19b5f1ccf7d4b4dd8bd6,1
0x235cdff363f0fb7aa3b41a6a5a714fecdfd814ac,1
0xf0f64ff70b6d85cc2cdbf1bc362e930b9ff519ba,1
0x2d12efac1f666bbeead746b3755905f817ee611b,1
0x55a0730a844727bd694fd8f938a456158be0f8a6,1
0x3613a53c421309fb19ceefcd9b7fa0f6e370fa55,1
0x8e611b4f46a353aae8fa55af10b5cec24f5f1db8,1
0x93cf0a22a26895650a8aae960bf85a01ec6a551c,1
0x6b92686c40747c85809a6772d0eda8e22a77c60c,1
0x440758f4664c99d00ce72bc452b40dce8b7023b4,1
0xa4d8d8979961b865a120da059c88f2e0e0c5469a,1
0x29d5cea7d511810f3ff754886b898fce16a6d8fd,1
0x32dd9f6885332ccf8633a18cb0c2e25e68fe03d1,1
0xf063be86ef61e4e9b6baa6e6123838da32639096,1
0x2916768f1fea936b6c69830b8e1e3bad5e612255,1
0x904759a3f9e848de36d271436fe922e63e3675aa,1
0xc23485ae4315c409f0175a782841e0f10f12b0ac,1
0x7a3c82c6b4ad6ee11ecf7f395431ed1135d6e46f,1
0x2f68a3bab7172b3d1b5b23e71d44e220665953d7,1
0x77297ab28bc330c345b5d41146c504bc2a2a54e4,1
0xb6fc90c84b3f3acc84973123c45c93b7db8606a6,1
0x2879707ec9b6c9c84d9c2512b64cd6ab36882cbc,1
0xdb5008e73c7cefe15a147450352be3cbd258da97,1
0x28ee3a4ae140743a78684f8dd98c128b54c1365b,1
0x6b40bde07fa0e98289809bcedc286b4eb3e79389,1
0x93d8d7cdff64d4a31ea2554a3735e58fd69f052f,1
0x6dcb2a373398b17ef9b052d547a3785a9ac6985e,1
0xfd113ce2c7d6fee4a6fa9a282aabfc32eca5509c,1
0x083bdbaa68acd8cbfdbe5502ea8a27e9322e9bae,1
0x98f1bda2d45ffaca73fcf2154e9e007871e14934,1
0x4d6227fcba4c25feac2b6ea347ebd7851b781edf,1
0x546aa1022b9840d3e1b2c89b3c679093a476fc0f,1
0x26b0f2d8c16e0076d9c00ff68bda5e75563bd215,1
0xf266bd362edec2656ff30d797206d1ca608178d1,1
0x76e6161f1fd846100140cbc111d0673b216a74c6,1
0x8a9bfdc136d5d1166497882af5d8c9718f27fbed,1
0x2bc52900a118390ea8a97b29eb5e7e75f1cd912c,1
0xc55d765bbd35e495ea519f0a170dedd30363e114,1
0x97c99aa33df79cdcd8799fd9e9c4692d90358f8b,1
0x7dc166391edba45b124e236cd099fdb266e541ff,1
0xebeb28092ca41b84c7fcb9107db9ff40f9d4a419,1
0x51fad37dad97121bc30d166577189a0d771a0361,1
0x17cbfe407a0a2285594fe4d8a88038c9b00b876e,1
0x8b90e7133ac7baff72671ff430f74e3855f2086b,1
0xea2475b40ef433502f0c4f789b5dc596c8eaa8f2,1
0x7862e990963405616afd1e08cd369433a87adb3a,1
0x5b8b68ae1b1e3fd7039e6775b755e58e14c654f6,1
0xeed78b401a2866587d4307b4d729dc6b194579f0,2
0x7fc53dfff734d7cb9f533154344e4d569a34f8e8,1
0xafd9b759374f463ead107166fddd55b5dc8c0319,1
0xcae82145072f10ee8decddb6689987b396dbd879,1
0x680f52982f268940ac3c50ac3fd5f0ff3f7cf34e,1
0x7aafb5a543c1171405f1ab67451b08b8ba33b2db,1
0xc60a2326a50606c84e00f2e4c1035c8d39fe467a,1
0x6112083d4bb12dbf64e4850842685aaefbeacb10,1
0x96d2b5bfa179ce0979fef08ca7ecec497b050b75,1
0x7120a2b756ed48b6f433f70481b16b353df58b88,1
0xda6f9c53acd07513a618d7f73d681b8a0061c8df,1
0x4ccc0aa065a37a3589e2db6e165d2f8f522e9fa2,1
0xa071dc9b8367b59dbf5fffcbf5565c30425045ce,1
0x955d7584aabe835e898151294de93b1fd97d00f6,1
0x8699793e22403b355185d8ff76e7392f98aafa46,1
0x29273917eb777b8d227e64ea423d07e6246088fd,1
0xdb9488168d9dd32373a8f28791c22a141cf28afe,1
0xa0c1bca2da31d84180114965d2f80e37b63030ec,1
0x1af7a2f37e7aaa12d8d275aefbb5b5ecfbd51225,1
0xe8df91ff1ce483ee7827ae58b02975d88611be0c,1
0x1bf1baac1e98ade5df093e015e0f783cc4b81b36,1
0x3ac11001eb64b86008ef9bedb49bb687a663bf48,1
0x395f2502a415bca4a2f84d73bb8929182a5dd252,1
0x785046022633f51004a5decfd36826b7be66d6b9,1
0x183abe67478eb7e87c96ca28e2f63dec53f22e3a,1
0x6194bda4590bbdc6a128851aaaf34802dfa8e4a1,1
0x8cda7294507d985aae2d7a168d51fc675ee1233f,1
0x114c1eb0ddd7cefe5f4fa679b1f4d92c09126b9b,1
0xd500c8228c794461a659bd0a53d9e8922b51a9b1,1
0xe4a09ce96251532ab44883f3e8de1e546c9e48b1,1
0x3753d9da9bef05c0f51e5bb4dfa390cac639073f,1
0xac4dcebd7a69144a9593f3459bfcbc2db4ebf09d,1
0x57bacf5d4646c1a2b27fdbdb5d8cd4c8dc5d6803,1
0x40d4b664317e57dbaa71d261a576d9bcd4a4f602,1
0xeed489a100880c2d18361aa4d37b210788863c4d,1
0x3597e01b49f8e6517d661a4924c6f6a4c232848d,1
0xeb48ec2f762518e31315b0e7ceda734389907f31,1
0x757b8003c330418875f07e368c40b1b5ab4c6509,1
0x685e1487852c208332d5cfa6292ff3e49de28c22,1
0x6d480e89a4ba91fcc27024a658543c8452d4258b,1
0x22cd049c57f070fd6bde748e493aa2627621ebf7,1
0x37c1e3d3c305acd0fb2c38b88420867d26b5f630,1
0x93ab3c4e6daa20b2b7ea65754a8c11311fbdba38,1
0x76e9037854329cdb14ee78b07337bd79114f6016,1
0x77d24d4d990d439d0c086d93b932c175238e812f,1
0x224b5e80309c565bd310f2984b0363054cba90f5,1
0x1a3bfc4ef279975059221e5285db047905165a5b,1
0x1f4a167fb3838bcb1acdcea2eefe145126c84b28,1
0xfb74eee69be0c2bd8fb42ee67b6b6c4e05cd9ddd,1
0x50deefc1fd366d42846b1c0a23965abc01261b38,1
0x09e6267d0cb691fe647da5029d28ab0fd62d9325,1
0xb0ccf43ada6cbaa26dcf4907117b496d49f74242,1
0x7f8b215572f16f982c626f044cde114152dd0e6a,1
0x622e24d3e721fc386678c85792f48388c1150220,1
0xae235cca56d4c715303ce00fd3ba124deb28ffa7,1
0xd0a8b4fee6427b2aefbd64acf7564767dc61c99d,1
0x47b7f7fbcd3ea1391eb41c1e10b99fe8d2a16c27,1
0x3432b45b9ee95bd5c31a726b936cf2ec719a2153,1
0xb7a2401d9f546c62ed813eb14c92a830c56f9fc7,1
0x97cb3692848e43828c8289105e6c84e66bcbd169,1
0xb24ce9443d701c811256f14aa50dc76aebe7f0d5,1
0xe2d6b30e63ecb93fc0ffc1e9bc1327e8b16246c3,1
0x6ba228524d45c772d7643bb60c6bed2cd3dcf053,1
0x60dd7313afa4a59a78cf885be5de99c594d6e49d,1
0x325d12fe8bce0f969f879679275adccfe8ba0605,1
0xac84eb7001bd4983d58421b072379717ac1fee4f,1
0x2cf84928261f655a47d04ec714d3bedf9375de46,1
0x38eeee83a388ef859db0e8bffeccea11189c02e2,1
0x0a9ce4ae04d04a54af3949d356b6d6d7a6438f02,1
0xbd23b15ce5cd953b271d9baa57c0767e3a116d58,1
0x6db2374493a115f9a051fbe77d2963f2dd08e71f,1
0x2ee5fc834903186949c75e0dc10ec245397bf1fa,1
0x005fd30b00f66d0d016e3512d03464a1d237c154,1
0x25353cc20c62b03d02c12025359eaef80adf219b,1
0x499dbd98f447b660dda53dcbb9376a5165071ba2,1
0x93243bf5f577c1e325987862267d0314f72e0050,1
0x00fb2499403afeccd48f0fb29da41cde8c113d4b,1
0xd5ff53f48f14e9409b581e41a4cddfe0e97dc724,1
0x721c8200d71ee14e30860356e7989662406861b9,1
0x548418b6265658d5f1f07d37ceed4cfedb4e3202,1
0x24141a358980b41084a487bb39c5e0a95b6e6559,1
0x3618190bd2334fa48404bfe42179fbdb8c65b8d3,1
0xf2ff5c8fbebc6049bbcf7dcd857171e54f8824cf,1
0x78130d139ee6c5c1b99a49ac70271fe696dc2b3b,1
0x162bc440bd8474bc5e7da451a7dc0052f93b0c8b,1
0x7b7173fb7e7d2bf457e1e57346779b63e6612e6e,1
0x02f34557a9d8a3ca751e59fd50d4d066c7a85f0a,1
0xa77361ed1c7d78cec23d7437aeaa86fd0e284714,1
0x066de4fe6306c3b1fee7654d869e5393953df4b5,1
0x927c34ba85e813c4d26cdafde939370087c373f6,1
0x57d5cd5d0fcf182fb46fe0ef7c0ec4cc3a4bde79,1
0xd09bdc084d61009e245a94e09cd52619f48ad216,1
0xe29c6ee34871cbc6fe503a06bd7776a63f375a93,1
0xa6c0402650f7b49d829bef339dfd3b6a6c602730,1
0xabd5a552615b981575c579f1b10c2aa686e3ce51,1
0x8fcdff1c8a5f19d56e9959ed72419aed8f7e2e44,1
0xe8eb234375d59df64823ffda70207e26334ceeb5,1
0xfb77f548c7f806a9b948a81aa0c37ab40d15ba04,1
0xbebd1e62ba2412d9378847cfd7cc3f759de1504e,1
0x867db38c83f4287a71ffd0cdfba6ffae93150ff7,1
0xb8254dcce57f0f0d06c9268cd6b333ed181c89c8,1
0xa770516532368198cb3dd3a03894b1d42b4908ab,1
0xd038d146dfab6b92df8ce2c92369f09375fc5b32,1
0x5bf8930a345dea4a1bea0ce8b876f7d29cd24787,1
0x0159c7c66a9f63f719b0a2269fda774f7ca0039c,1
0xaf664a54b35ebddd483ad6a7c8030229b4ed745c,1
0x99d3aa3010b1d90d0c2f4c12a07ab6755b07bba5,1
0xc721b0b9e17b32dc9f981eedbe4f70be04b96415,1
0xa87428a3a4e3b9159e6303c89cf7723d7e237e96,1
0x107752288b215467de25c16119787d715ec8e26e,1
0x493887c3f1fcc1d1e33e705aab10be3fc2709481,1
0x7df2d73d80cfcfc876d180e4de52dee00e84ef1a,1
0x12d0f6e748483771383bbb1a0ba1fcaeb2af298f,1
0x452f438aad8b675232c1fd7ff8e940d72d8a9f45,1
0xec17972701b011c3983f1eafdfb4450028284bc7,1
0x21aa9286d8c7091c57659dfd7106cf5ff6c51f78,1
0xdae3dcf64f91ed899de50b8d45d6cab7cdf12ff2,1
0xb79157bca1635f4731df5828f2a28a0cbfc799ce,1
0x59e713e24adedd084d351c654aaa0fb41335b0d5,1
0x2604fb7b2c561d6a277a0ec8c2308a26cee18272,1
0x1a775079fde189642ec93829e298148813274bff,1
0x19fbccbbb66e21c7f6d9a5f8fa33ff61927c3214,1
0x984b8f799f8a2efb188f7be8b386130fc4651bbb,1
0xdd855f892196a685c9f4d80cb1d556f1f20f56d4,1
0x988ce7e0aea652381dd51f48279a02110aab9d59,1
0x10156766f659fa455b89410579185bb29a90eb9e,1
0x64036879f71a2448cfa629090e83876c5d72a16d,1
0xac718fb27ec43925bbf905f74463236e7605cf70,1
0x330274cb14b1192e275edfd57986cb1bba302807,1
0x4995b2c5ee3783e7a5ad86a58d97e5e34b50b786,1
0x797a47774c061c45ee94232217bfceae6ac937c8,1
0xaef12b5976b89f1379f10df2be30fc22480277fe,1
0xf38f67d8b16752b18f7358ef216a35423e45f806,1
0xbb6b62e63ab3fbd3e78a4c9cf61488482623e9a4,1
0xa6a45f180ff8655eddc761dbeb9e58be8e4d4a63,1
0x71a7702ff3d858a0853a918fb44c537740a8bde9,1
0x110886b13e4a932396c0e9d53bf887770ca16784,1
0x78589dad2a38a92b6913c5e817c7e47104da6351,1
0x76b045846db3c0bc9a63b552a32e7542704bca90,1
0x381e169fdaa69b0b2ab3020e9b3f9d9cd7e65f84,1
0x54be3a794282c030b15e43ae2bb182e14c409c5e,1
0x3c27ebd2263a55876896b69c3593b6eefe9136a7,1
0x0387876a09a45581109eecab2ff4ac049e76ba37,1
0x593cadf136c68c720d446461c1bfee600647c6b8,1
0xed20bb4772f9eab584f5f7fbc3e601431c881e96,1
0x2ab173ada010a29de3c312edc0d6d39608c69697,1
0xa71c7d3679f94842e1a44207a50a38ec25a39054,1
0x1f623ee324ca178941545f01bfccfea38cda2072,1
0x93958d6e3b79b6d15a11ba00876ce8edcb02ba95,1
0xdc4fd55e82ec9cf4dc84cde52e1531eb0eb7cb32,1
0x525a6e095db26175e21e95c1799532acee0a5606,1
0x48b6f46635fcb3559fd37289256ac72c8425714e,1
0x0f1a9c116e6c136b194f9acb2238d220e193b86e,1
0x4044730384489eaeeb0fee9c6ac5096ef2976e21,1
0x9f59f787122a5df035866591a4c78f911288f8e4,1
0xc22d43928cdbd57b6725e669c1606b18a2bce82a,1
0xe487ed5ec80cca6e8a44f6d6f3f712088df8ad4f,1
0x28b8906d06784d25557b6b6d9705455b265809b3,1
0x4b411cb2f7f35acfb71ef0ce4ed65ac1d09b516a,1
0xc8a4dcbb7a60ac12580b54ce3681b26a604c0fdd,1
0xd8b3de5e77e6c85f65d0f6d81a6f6670ad67d6ac,1
0x23bcf6b5c991067846f8def2b9aa8a0d07b1abef,1
0x4c1c6bf9c6f8beb6bcc7d798cc0dc48ec4ed3d50,1
0x044f3c4d87a68d7e31284a63213f02396ff177ee,1
0x2be21793155e0d5b3dd715c348f7e712471e0873,1
0xb00eb5b7217fde1ffd59468fb7807eae9c22e743,1
0x667f565a40b7596358ed338331a206d914f6c9d7,1
0x5887df7f972926067e00dcf88141bc17067d3669,1
0xaf90670c538f9fbe02a5a0c42fe6bce124b4befc,1
0x37a464ee47e6706b4a5a23f74ce9673615e9ad40,1
0xa35f29893418c61ab675557ee5228e5225e78ba4,1
0x225173c40445a3f3665a835b0ef088ce55d1d007,1
0x20f1191e4051299d1a4e54f8ba95b636ab427898,1
0x258e0ae28f70ec728a9c0d84268ca3dd5c69fb3c,1
0xc68bb9728103765ace6d43d98bce3281af3850cb,1
0x5147c1a9e594041ccdba5d044b6274231dc6ebf5,1
0xa511b78b844de12ba860ffc2f3033052c6c260b7,1
0x82f0e1087fd3abd4eafc3916a42b0e7edd3c1889,1
0xf1d48b593f11111db5ce35d87fe9d6a6deeae53b,1
0xa83fa9c834bb5abe25f9c56eb5845b3203df94f2,1
0x03a06b3929320a14ee0203a104927f726ec23445,1
0x6456f20453a383004f17b921cd770d187fcd30ef,1
0xd430fc849c60107201ea4f569108716a90ab65e2,1
0x31004f28babda1f632cb445944892b04a411e7f7,1
0xaf469c4a0914938e6149cf621c54fb4b1ec0c202,1
0xab6ca2017548a170699890214bfd66583a0c1754,1
0x6e7d6b505deb2c67fb64ece9995a26b8ad70678f,1
0xab1ed04237efedbf10ef3cab7a6409aea6bedd35,1
0xda40fb07ca67b4d7895edd72cc1a5e489faf4001,1
0x80bcbfebf7c179929c93bcd1c69432704427fb5c,1
0xa452af567bf7dbba6f60452fab1e8fdbd4caaf5b,1
0x017e85170a8ba12bf4a840adf999da19381610f6,1
0xfa0371c9bd1729f67d84bb374c867e837cc6b84c,1
0x8f9be4310f9abb0e5843cc6363908c9b01dfeb3f,1
0xfe82af4569830228dce4e75788452c213afec39b,1
0xcf2cd14ccff2b399ca3ddaea5bb5c6f6be409aa5,1
0xb7560b71de74edbbda141ef1e2205da77ff53dd6,1
0xf627e5f4bad95a956468d8bb6ee20b119f992e96,1
0x82abb5df200d2998db4e80639b145d052ca40062,1
0x26b7dbcf563bcb1505ab60c6948c2c73f20ead91,1
0x35a7378f37918969f7a733d46519de9bbdc6fb04,1
0x0998fc77b101e4c538f57bc7616c5ecd77deab5a,1
0x92c095a206e0e5bef4831b3f36b5f51cfb3a90a0,1
0xc4e8d1717c3921454792241ab7ba481f1c5304f2,1
0xd3b37c6567e2702aa727cff4ce5939b4a07a2fde,1
0xbc2b2d169a8e81e833a7cddccae075d12fa9c1a7,1
0x98c55d87f5bc731d5e241e16490f021a39213c00,1
0xb62ea019c3ecf647c21b3d394f373c4089e3e4d6,1
0x027a9ce347d6964f9a9452299b04288e94c3b201,1
0x533813aa3c513a0079aa268ec3141f67e4b11a2e,1
0xa23f27fe27b76c8df9b6d2e1c599e1ac80b44bef,1
0x443cf9f30e6327fd0454e83c664ce809649c4517,1
0xaa7b5fca32e51aa39b938fa2633ef0c74ab1950b,1
0x324e9e6e602fdf1f7f50decea6cb83fff575020f,1
0xcdbc855ba603e8aa2c7f7944674cf47effa618b1,1
0xee27b8e5760f979d67a6e98b2b403a09d4c04fd7,1
0x11267972b5ec7554fe1b315390c8315f91c4826e,1
0xb02f4682fe41cef73eb915cf1d5c75c5ffa81c1e,1
0x853c69418605529a68907aaf7789270e3cf69d97,1
0xe3fbe8b5bd672db6fc66889e9dca8cd73f9be164,1
0x3177a46ef4afca9361816e9dc000f967bfce427c,1
0xf81a48410c448b1d587be9bbb3b23938e9f4bfd4,1
0x6d0ae96edea9de068bc0f20250a8b5526f56a077,1
0x0e859498e116771fced86826fed7bba3a99a3ffc,1
0x8e82a5b8f8f0b86ead15a4e56dfdcf2418ffe647,1
0xa377d0f05994b25c435faab52fb09728b3b9386a,1
0x8f95801d603842c5c60f74d01f76257dc8d2b446,1
0x651d9dbc3a6016b31c75ef1076cf13723af1220c,1
0xa24111399b765325e151f5f4cd11197cf4afa9b2,1
0x8451b49f03c80b8d4d116090ddf10047cd173d55,1
0xfb03b80a8cc225ac92996c54c6cf523a255ddb28,1
0x9dc3dbb62a5a05e60c278e0e0cdeaf76a20a8153,1
0xac88715cdfd26f3aaadd0e17ce2011728f1c5748,1
0x53bebd20781aaa3a831f45b3c6889010a706ff9f,1
0x6474183ade6709a76c3c411157f501d78b4c5482,1
0xb35cfe9ea3ae22902eef91ba5584cdabda7a3b59,1
0xe591f70fb3dcc0320f2a9d675c780fc440d3d574,1
0x442465cbc0cd84f93c12cb1134dcdad6aa54f1aa,1
0x94ede2010554cca011c8bf52dca82dbcf2f8f2ee,1
0xc40df87e16339f21fbb2e59fb38bf2a957a16ffd,1
0x8397e2d5fadaa6e0817e376df5ba1d016a2f804f,1
0xdbe37b6be9e4cd306b1ac5e6ec79ff67032d69cb,1
0x7006fac41dbd5c8f026927a76252b37ee1de1225,1
0x141ca06db8315d1ae8e97c0054eb2571174e8940,1
0x29935fdf468f6d188578c40cedf6d290c77cdbcb,1
0x72a49224b51ecd4689e963fac92f01f56eef381d,1
0xf5a6058e8a1f72b7a66cb658542a7074b4d1f587,1
0x3f659ffda1f14333696eaf795b14ad9c4cc71f61,1
0x664f45ed5084abcf2f8e1a95e320b06cc700591b,1
0xd8150e48739848f54eecf59b4d43b14ee901f562,1
0xfd0da64406a3e52b0eafff28bbc46baf86205e13,1
0x1684c382352fa8992e2d12264b08cbfd8e06b7b1,1
0x6a8c69dc2040c1c594be2f3947e15669536dd59f,1
0xb965603c7d99ce1dacd91eecb8ca9c0d061b4c60,1
0x06cc21aeea76cebb12da254b6e982516662bbca4,1
0x3e77fe1e72f93e891691831e684997e0de75b35f,1
0xe8d842d44703de1b1e8e0dd4c7156e45efb55ed6,1
0xc3f17178311899b068d0e2c86253e087dab5ba8f,1
0x074fdc302f8d3c0e8b11c80f2a07bf2a3b8ca855,1
0x032ab14d5f69020afc87f43cacc0ef182a750d1c,1
0x19899e40bb768dd09f24db2d8538c98d0cbda62b,1
0x072c3ee4e4c5e4eabb7f484738797fbf260f056b,1
0xaa15a96fba6c84737e632a93140d9f549f55338f,1
0x807cf26c716a68b8d4c5a82e31b7e0ef8b9f0130,1
0xfd2b720b33d50b49ad4b7ebf9ef2f44b7b1cf622,1
0x6e15fed85e0f5918a4a8d087f25eb0c3b706e524,1
0x188386d433e070826ef3a2ca5d9edf595aa441de,1
0xb9c077395313ab79649e8b1e862311626e991ba8,1
0x21a51b7c3ba93e70884e34482a9790e6b72ff9f0,1
0xb8f8130787015d2055b0ae2a34590546c4f261c0,1
0x81787ecf8d91c1c6827f28e68e0ac3979a1263fd,1
0x4ea7cc46443cbfd0ae19aec35f08dad83477a52d,1
0x118e3472a73e72dd85cff8ff09fd89dd48fc4733,1
0xa32560268dfff7e62cd0cda1dcc699406321aed6,1
0x1d8e7c8d5ec8d2003ff65c08339ade30e0f9a0a3,1
0x2c66b04965688c92e4487570b829796d090363c4,1
0xc9e81dcb14346ab53bf881970a1a6e1eac6f067f,1
0xe3c8cc0f15eea9c22ce51af8c2ec6e1978389e7b,1
0xc776cb46892baa6d87a3817019367e05652eef2a,1
0x5c43c2d884fc7f08f69ff6168ac7c3134d3bae8c,1
0x86d09318844786f26df5663de29306e673e668d5,1
0x65f7e6d54400315479cf47ef8e6c5a4a8475395b,1
0x74c0aee5d5ed76d9db8cee696978968fdfa5b1b0,1
0xb78e99d2301ee621f4332a0d1ef759423976d8b6,1
0x990e072209125288b18f1d5fd1db470597dc87fb,1
0xd5cb542f355bbb575ab61b57b799e3b0bc40b048,1
0x218cd7a6ecafc8dfb02456a61539fde5dbe5d22a,1
0x7853010ab93f48ce78137703f7f0d21ace194d11,1
0x573369473b02d0b4fc9f3556184b67705512d26d,1
0xd8ffe30a93155afb5d6bee5a155b0ea8b6788ca2,1
0xabf04838ffcf99e991b7e0df92d9dc7ebd40113b,1
0x0427a43fa3c5490ce7e9a7914b366f84f5c4f588,1
0x91cda41a25057b30cd003dde076dc91f7a9cb6d9,1
0xd8be18a8b1d7d469f3482b4ae8343cce0b533a16,1
0x9abf624d68d722eb44d1778e69a15d8a5c98d745,1
0x36e626fb225f431146ac7a020f884b014f584700,1
0x3d6301815a5b5188e50a90e268179447d1c58b70,1
0x018f5cbe8a37b03f5bf733016fee38106d39713a,1
0xf8ad3f88b0e0d177aa8c5e6be1e13410fd41cdc7,1
0x1da5331994e781ab0e2af9f85bfce2037a514170,1
0x7b058f2f060018ac8d0edd1fcafdac14130d2b7c,1
0x2706c71bf130a8bc3ec03002dd1068f7248052cb,1
0x79b57a64b074368ae74a518b3fa2b30f83461f0c,1
0x45c2e294f01e3decb3c63363317585e7ece20a4e,1
0xdc594f0eda0e5efac7097c5f1f5c450f856c58e1,1
0x8baf972eef3effd5959b9d8e27e2289dcabde3c3,1
0xbd088edb1aeced8d069a52f3bf253beb899437f2,1
0x0ef4db30f76bcbd1ee7ddbb056e699b69dfb8eae,1
0x2ee8670d2b936985d5fb1ee968810c155d3bb9ca,2
0x2082c5a3c08a4d5ade0ce779e24b463daa241646,1
0xea7d3818a3b736fba40852cd90471df33c6d6821,1
0x406bbd4b112e77d7091e36c23b92cca918b5419a,1
0xe6d2a9b56701d3180d218717141670ad720e479f,1
0x0240ced4de4edd91884027f2e06a1780331fab74,1
0x1e2f87542ba49c77d71cd28d9d8e70f0b642288a,1
0x275c83d76b1b0cc42bd066e327c4e578a327ebcc,1
0x2b26da567c2a8c220daf91be8e37a429d33aef0b,1
0xdc7e45fbec89c1701311a7277be803f7796bb626,1
0x7f261cf6d968de4341183aeca33521e2c3a19bd9,1
0x6e2e8082f34f953befbd808b6363c0b00408e29a,1
0x1e84ddcb5b6e5d23aed0ddb9a58adc146e22325e,1
0x7d8498ec7c5a638add7c48646c49c454d0c1c90e,1
0xdf1cf9e3debfefd56286ef4024646f49cc540e37,1
0xd38e1fb60cd50cf9ae747ecf646b4ff1a310ba55,1
0xf568b4ea972ae15f69453d96fa172093971a6304,1
0x839869f27ddf564995726a32c15a56aae85a354a,1
0xf1914657d98373e3b3eadab8e82b0e0431e61d0a,1
0xfc075a5fc4ecaeb1ce66995e054bacd7c422f2ca,1
0x14b27e03a394cadec25b2b20573e1ce88f482e91,1
0x165fef2c235a76c93a14df6a71bfc4f2cc842ebd,1
0x0a123325a2eb92dda47587d697e9a333aad9dd97,1
0xee6ba4e6668177b140b72b6a8e871146248779c2,1
0xea4242e9e3fa806a3dc7ff7ecd53a81a602b1c9d,1
0x75f331fda7b8fa1fcba2bdd4197dfdfcb8632c7a,1
0x98d7bc088fc1e7a2f9b3536fcfbca405f902467e,1
0x00dcdd43bd25f78ae91c12f3c295dc11d3065e00,1
0x2fe5b1e4a32e794959dfc5261b1dbfd9bffb982e,1
0x7deacee45d121a35d3c8db640ee7f9b437b4b2c8,1
0x7c52d1870423a266f6b0626fbc20eca148d0300b,1
0x66ea2d335291a5afa8d3522eef6adfc3f8746e16,1
0xa5af6a7d9e3b65908e1e1d5ca80e7593495f5cfb,1
0x66533dd5cde19b4a79b4d394f6272dc4612b1abc,1
0xcc72d9e9525b55297c03c2d09b9677617a02d156,1
0xf42dee9230dade4c244b8d72a5f1eb2cb91f242a,1
0xebdc47e0b6814177dad9ad418f198ccedb85234e,1
0xabb20917a30d3330839e20432fb6c656390b8a52,1
0xfc7af206e1a69f7886fb47ff8e1287fff4406d03,1
0xe08f5c4c9347015907b01a8dc108942ba5827e6d,1
0x47bceed9670a928ffa1540d048a4386ae11ec4eb,1
0x018305f64f71290f16ef245dd063a7470fde44ba,1
0x14f8c1f8e31cac72e3026700ab61dfadb31f44b9,1
0x22236c0c2501d5ac173058ef0e151b5e21d116d6,1
0xc8116ed903092918098d77cdd846a7d2d57e1fd8,2
0xf58c03997171ec5e5ccaaba7338d0575d5616823,1
0xc4e19acf82441eab7e45a5e874cece70cd811434,1
0xb98f24c3e0092e90dc9d5d80cd6cbb1034a966c4,1
0x5a77b2d05afb67eacd8f9c7e98692dd1e2883cb3,1
0x5f73b065c8412b43e3db33cad0efc5038040a597,1
0x7c8a0a4bab02b7c6928952fc806776bad68b4340,1
0xeb0da32c9d1aa1aabf37798b347638e57bfc6a6a,1
0x08a4aabec361e622598ec8ffe30181ac0e004a1a,1
0x5c038cb4a3bc5189670de3d01ea4bfdb58c917a5,1
0x4b85b8e5d4d2e3220218f69500c4804721ee4cfc,1
0x11dcf0498e9ebca2f8f3ca01a9cbbd9b8fb23b91,1
0x191df1198d9f69b2a9c194a37dc0d11d043921bc,1
0x5df5078ae2e65f05874e57929ca50e0ac689b378,1
0x4ce8a8fdfd9b33b5d1f3ce93d194bbeb0d9e2257,1
0xcb902b5b45798bd1439f8e17012851cab44b09e0,1
0x5d8e4b25f4a24479ee1ec2fec562e19a436cca6c,1
0x0d5668339c3c17aa7f06ba7fe2667536cf15d748,1
0x58aa118039cd7937b86dfbdaba48e79fa54861be,1
0x8f903cfc0af3c2ec0d872c57538af5e071544a57,1
0xaf9a1e6a9b79fc77eafa40396e8a15d4d92867ca,1
0x5fea57b6495ef3f3bd38518e03905bee92d40388,1
0x660f95e3d6fc0a67cd6226a76bf7cf31a1c2a6ce,1
0x13c612f1eba31f1a6566d94bab8a4c482b2c2360,1
0x4502679fa4484f708efe050c8e3404ef229d9621,1
0x3932fb6453fe830eef57b77f483837ddd3fe3f3a,1
0x53b9fb382a61b81814ea765f2ae4263c79b815d4,1
0x7cfbfda5525508d462eb8523dd1f5d4491e048d3,1
0x3e2b3d1307e349a96fe25ecbf83c367f58f6d958,1
0xff961ed9c48fbebdef48542432d21efa546ddb89,1
0x40d500be11e713a66f89b4cebc6d8d11e3a0f2a7,1
0xe6666ba861c4749e316756e3f599676d1184e77c,1
0x360c3d5fe31f9a82a63d39cd43cc91a39e4ecf54,1
0xaab8b7c6b3389b5b05ba7ef0fa1ccc7e1819c5cc,1
0xca25f7fc6a8532a86df01e7aa9055219abd8a65c,1
0x13069eaddf4d50ec08c94e831d7740e756837f57,1
0xc11a862ba1125a1bc6b4ff11b2ead6b8e73ea52f,1
0x5aae5802046733fa533ae09bf644ce359d83fcc7,1
0xc46db2d89327d4c41eb81c43ed5e3dff111f9a8f,1
0x08db792f0dc2492c67ba901adbe136e76648341c,1
0x32cef996a8901743d26a900da9f042689334413f,1
0x896962d5bbf05b9850d7c68a17e91b929690f29a,1
0x224dab0505667cb7fcfca0a27dbc6e27dada7b7d,1
0xb128b2b054a0d57a0dc3e6cefbc65573cbc29f74,1
0x5467aa7f330356e7628a7a16d4bc1c5891081c4e,1
0x965e987057313c6c01c66c2364c266046a17c408,1
0x959cb1897c18d4be61f365eb25893e0cdbb21401,1
0xf5d4a3b9fb77d1d5600a10e0e1c4efd12f9be751,1
0x96236adb640ec620a85898378375cedf03ca21ff,1
0x981a7420150d815147a62a93905e0064e8ad7342,1
0x92e2929c48379a75826791b7280b61db2221c179,1
0xe4af07d3b6d97fc4289ae193313e06e904f3fccd,1
0x29cd9553e268ca520d73437a8045ab9604a149e5,1
0x132df84e9ea2f4cca42976b4ce1a8e814e5cb809,1
0x24e838b0181c7af61518c27063e1dc9359cd2f0f,1
0xa8ba075e79241d0771fc4237174c1a8d67edf7d2,1
0x34dea787524a930670862a27bc7234a1897e1bf2,1
0xa2e05ee0e72e0226a79d68d7eb7f8425281022b0,1
0xc2bf53639861a84c186c5440c0579d2bad435d81,1
0x00ff192363430a35abbf968c535b64147e88abdb,1
0x0ba51c45a9a0df0c2ff4139d6ebf5311b74cfb38,1
0x4eaf41fb572aaca9048e66efa95ec1e1e30b53b0,1
0x40f465f1ba4c2aba91c0c896cb92bbe4c7e545df,1
0x56efec6d471fbc7621db220ca52b735173cd2bc4,1
0xe4dda14480e066223a9c1e01e2fe086ba4fc71d2,1
0x21adb4aaddb2d02715ff51b1f0cdc839f72e3695,1
0x757a21fbd39cccaff681e1930e273b9add0008db,1
0x287fbbd0c48498c49a48674f57d67237dd11c205,1
0x7be800978fafd15f6501dfc64b27fc74a68276af,1
0x81845ec7df4fa5776998053457b8c4fb1e60cf84,1
0xb2d1c70ba70243634ad656dc96531e17b0764c56,1
0x49c1c6683a54d962c8f2d9d36d05ef107e9033ea,1
0xd1e8a92f44bdc83bc620c56a7913fd97de5abe10,1
0x00e952276c03e71b7b6193a67ace9b3e60546042,1
0xd0f6805f43f002229faf7c6676480bab015cd6f6,1
0x8f9c8d7f8d44fd2486bcf0605efa5fd0c397a658,1
0xd9270fd770b3e06f7b4a7452f531f035826a2eac,1
0x3d29d165656135fb106529f5959834e024b5cecf,1
0x831ba9f28fe59b67218d9d88b56d1cad4365d103,1
0x02ef385f506b63bcd9ed1c9520924668a8f4e34c,1
0x2307482c97ffa776ab7a391a707889e15d62dd98,1
0x7fdba82ec2360d4e566175943cdefd8443a77143,1
0xe53c5b4f841570d193e05a27bfafe1c554f14875,1
0x05ca9d2f618803dfd5f2cc0f12dd85adfa27a518,1
0x818b0b4245256997af330981783a94fb4d90014e,1
0x5e61a6c4d2e7bc93fd15fcf3fa18cc305185a4c8,1
0x9f2acb698f1e83c11b36ae67f5693bf9a585959f,1
0xac0d5877c4ef92bdd2bfc1e0ec9d5333085b4654,1
0x0f1025f754b3eb32ab3105127b563084bfa03a6f,1
0x567b71b80fe93afe1db3581e6faf5f00fd483885,1
0x16ba0452b203b02d711eb772fa01206c4f82bb48,1
0x724fe9f9104b3a049c84864654d4ee148fd00e1f,1
0xcb1c1fde09f811b294172696404e88e658659905,1
0x0961c9a38a8d51b7cd43466ad3e88a3b84642661,1
0x6f7a49da0f184509814039956137dadb9ccda4f8,1
0xa2a9f1f06e9609cae834d7fb249ecd5598989d90,1
0x29f901a1e829e19387e9db644ddaaa26c3c41d66,1
0x75c9c9de970362127f6b88d1ceec8be945d7a7ae,1
0xff9ee049afa0389e6358a6a20548dcb0cf7a12a9,1
0x7915e43086cd78be341df73726c0947b6334b978,1
0x2773f727ef406fe61859a8c5794d74deaf95e444,1
0x4e5183c090c689f984091786cb71963afce8dd6b,1
0x1d3dd4cc14c9bc93bc8744559be4ace760f7a1d3,1
0x22f3366ba9887e3cec1ef09c8fb8608e24c9ddd3,1
0xa12f331e927de32c3516982a21407e676dbd5e92,1
0x1a9c77aea6ff542b7704de78740a1122a587ccee,1
0xb7e04ce435f55bbd6711d181e5df6c446e3e16bc,1
0x5674ea0b10559d94d1141eba00ff14211ea50151,1
0x1c43ced0facb975f0986053ca60a280646a074d4,1
0x5c4a64abd18c714bde447bf32a8a34edd3b63e25,1
0x8b89d26a2e79f34639dbe36617db8bf14d0d2b38,1
0xe2bcab74729547a66c66a7d86b55b43e6506c347,1
0xc355bb2414889837c85c314e6ff5a4b6fdc7554a,1
0xceae52c73db66e280f8d5be3db89dc69463c7d72,1
0xd92df32ec6cfa9e5d58d68cfbefb3fb699771487,1
0x0f4b8d14968ef8e888ae1462cae7f0dda2828954,1
0x826a37fd4390a3369ee4b51ae23f03a4d6551e29,1
0x16ccedd50d9eab1aeabf84657547278c229d2211,1
0x461123fb3a23b5503c01afdb83b0e4387c98ed4b,1
0x66f7bd404e371a05871c0d8d18d1718cc222a538,1
0xd3ccb3b46f51f140097e09164befaf72d48fa1ac,1
0x2bb2ee28a5bba51db2c104b6c36a6907c21d4d4b,1
0x900613b46104d45dad23458e04f9bf64d48407c2,1
0x75099f33e9cf7f285bb23af8fb35d79c922acc20,1
0x000dc53f3cdc01c055fa7bea4f5192c1cb43990d,1
0x1de387d8d4d7000910761d7030f58568d207b56d,1
0x3a4c619284748869eb3ab16494b461256b72f875,1
0x0dd60f3481a94dde5d5796314a9dc720309f4629,1
0xce08b02b4f7288c69131dab5b97364df42938cf7,1
0x85914d049aa004d037cae65bad275ed4147f172e,1
0x7c263f8a628537eede427587e28353f2c25d6107,1
0xbb5cad97dc15e8c3fbe457fa65cfb38b2dfd1002,1
0xffc15ef23f4ba7faf4b4d3c28a35a28f126bcc0d,1
0xef2aa50b46d5f78a80fc96385275a8dfd82ead8c,1
0x062164d0c571002b9b34a9a71ddaeeb0b6f93132,1
0xb1b7c542196d532dcde45fbabf1aaaedab620357,1
0x7825123322457c02e2def335868f18d42e8df80d,1
0x55834cd1f57c4a73d643caa176ec8db4da0669a4,1
0x03ed8e6d50bff0b8c49675f0bba94087d5e579ac,1
0xef5ab6248957a52cda981eff4f82c21d647fb082,1
0xb022aad48cc818e4eeac1da96820e8c092785152,1
0xdbc1032eddccfa0f4ed6ff10511881e07c59931b,1
0xa56afee303aa092dacd3364d106aa9b64522c01f,1
0x14ebe089b203c0bc08596fbe3e4c6ef9a32c21e0,1
0x75c84c7b446cebbb3830e3d64a042599b884c83a,1
0xab1c5ace08d1bb579ce0031958028dceaf15a125,1
0xf9ea0aa5c9d0c0e0dc350f7f546a4655689ce7bb,1
0x8c6bca11091c00cf68e3aa1aad1538a66bc7e565,1
0x3d8d4890db50d9140f81574d4a438d64be483451,1
0x6e37d79b4744dd82261cfb7b4ccf77fe513be06f,1
0x2847c232662d53404529938e7c9357e34a5051d2,1
0xe72dcf20abaeb8f7a834811bebb14cb3f7232558,1
0xa8c9d8691f97af5d22cf986d36faea60a50aaf38,1
0x83baef95f31e72010310d48777f86c6aaf5fb931,1
0xae220d647426e368ac321efec83a9d696bf84e7a,1
0x231e0412148ac123c29c99ee2ef32c5e1b727977,1
0x96dfacbb029e1fd05046688965ce581ae71748f8,1
0xb8903d33924b10b9cda7fd9505e395f1ae0b8532,1
0xaf44539ba68c318a0de5e1d7899a669f374e180b,1
0x35112cce413383ffe3e846a4d784180128f58761,1
0xf48b74f72aa0a9661eff20d76c765afcff884ce1,1
0x8a0454b05a952c572619935ed46b6d8d0aa97a76,1
0x9f8cfc509cd62841d8665f6e14a29d14392b3ca3,1
0x95b36ed4a6236c347028f180de18c0d42bcca139,1
0x95d41776812c6ca222dd5fdea56c065b55ff7655,1
0xd66269281f76070f141f8446afb6610ac9feb401,1
0x082c0455b8cbc17c90239eb88e39823258d45a2b,1
0xd8a010c840fa18cfbcf613b197dfb09888830a00,1
0xb7b104178014f26739955526354f6e0ea9ccb19b,1
0x159ebf9863e44f9d910c0e8d8948cc91b803c168,1
0x79f4ee296b33f4fb4cd78efbe99e3a0eab5d3c7e,1
0xd010e20dd739c107e592a350d17c981073605a8b,1
0xfd64e8e4e7ddec10fd7b1667f3409307dcb5d1c0,1
0xef873cdf928694d4daf69293cd5374fb62e47d38,1
0xb123aaa255a9388d5d4555a5ea7ef7cf524e04d3,1
0xd66bf38e7c704f0cd7910773f5c8cc3098b6828d,1
0x3275d4465a4248d5e2bc1d702557467c24d34bf4,1
0xb2e7f7cf519020c8b6ff32a088fec95b03ccc715,1
0x7ca83da48606cbfbbf12af0294dfb7433c0393ea,1
0xbf818239187ff3a8bfed9344000e84b1b13e66cf,1
0x3e437dc1f56803ac2d9d79fadb8dc561fde3f233,1
0xc5e08104c19dafd00fe40737490da9552db5bfe5,1
0x70af781f6851b057adcd963da042aaca1915050b,1
0x3ebae94838f725343f58102e0903a917d4cd4265,1
0xcc0dc0a1d51bb8a8a593fd9a4a2eea1e7b688c39,1
0x12b520c229886495fb88da799a285194c23ddbb5,1
0x51739b40320d5cc843559f48db96c0e56c68dd71,1
0x1939a73feb7cd1799d116feeda5f2deac56c1a5f,1
0x88a7e0b31ce68831cc469a29c65e41297ee538f6,1
0xa7b5dcb4ea9a2d9db2d0880293ce7a83dd5d6bfd,1
0x930922b1114ed66734bd773184667b227520f43f,1
0x3eb616e8b7f47b9adce97b10e1832f1ae93d6a24,1
0x0deffbc76d6ad80dad0797b323b0c8827823caa9,1
0xd9c10ddfe33cd43b5585854f69bf6aa2ac28a5bd,1
0xca85460d23bfb2e0079bab5aac84921d9d0762a4,1
0x595a1b38c53d8fb5fbdf68196f22ef79fe59c9e9,1
0x3707774904b97a8f13d82e74ce09fe78f4487c44,1
0x30b7b41e299f90ae78a11b764ad2804ab2bf272b,1
0xabb39d6cb2ca91197a979c116a487dd03e0fdbae,1
0xc3c393367bca317d3aa37132e72ab2bd94957df3,1
0x3e34060586e19a0bf0be74267888fbdb0a8f7e5a,1
0xc63ca1263d8c79fae328154da0b7be5d08e9a8c9,1
0xc89590b304b88d0e7cbadf6c6e7b1cbee1845847,1
0x62251103308a69be7c27d22f81e4b2dfbe00c7cf,1
0x7d8b981b45879b054114d12912438dd17fca417b,1
0x4d191c7a781d1c7103c4050cea12c0b9c7234f75,1
0x72bc237cf598505dc00d4fcc23b1663e206455a9,1
0x0b5f5c5ee41f49dfa674f501b2a45a3449458d51,1
0xaee804662613443938b35ed428afa5e90f8c1407,1
0x1ff236fac1158c7712beb01ec87d7fccc65e6dd6,1
0x3dab079d2040073335e989330270e6fc8fe880ea,1
0xfe9f8a55c374312c81903b350805059f47872bec,1
0xc5825a27a03ff2fba429f49d7e337c4d4dd39400,1
0x989a5d65720e62d80299747e5a95024ff07732ff,1
0x118aced72cd640407c1153d78c419215af9a5300,1
0xbda24920e435105f9c65637eb79a6408dfb4583b,1
0xa90ed8870669e53c8fefba6c8a1150f799793e20,1
0x4a7ea6f1e3504ad963cb0325ef31a955b0b7d6c1,1
0xee48b89fa6815a6e046971552a5b08e1ca659974,1
0x70f729e89eabacacf11293e40a700524112514d3,1
0xbf5024def0d91e8849cd9edc95bc84f0dca37759,1
0x0dc7fc49f79b310b3ea8919ea15429d35c565d11,1
0xcc2e1a8f4ffe542d6658d5a5ef8f5653ceca3b7e,1
0x8507a82600e3f2c85459c27721184698f18359fb,1
0x4a7fee43cde51c82e5762dfbf2bf46872c9832fe,1
0xfde36cbdd65160bd83541f060f44dbafcf0a0ab8,1
0xf8f327e4c1cbcb0ef014031b84069b9d3579f42d,1
0x3cc74d03bfd87af3bd48d9ef886a052aae0fde7c,1
0x416eba0df5f99cd0c98226d883bc094a1f934c97,1
0x77af0e684b24f2a35abba23a16936f983a141396,1
0xd87dde326b396ecc9dbbb52229f86cfa6d41da1e,1
0xdf617fc072215c638137b3038628b420064c06b2,1
0x317c32ca0309bb8a1f9d8a3e2836544f233c841e,1
0x8b65d6b7a9f194a6f64df51a365e624c58a85821,1
0xfa75e74d9c12bf8c7844101c06614f1d87e8eaf4,1
0x6c2d65145b14978a95d14c8ddc5415d9fc447910,1
0xcc3e5f175b24664291afa6e9d551117f05fe8f20,1
0xff7a752057d8b3444c94347b7195d29384df4e00,1
0x3e998c50b1eaf1577416e2bf31a76d09a48bc3fb,1
0x212d461a5171a8eace10ab40b4f8de0399051b57,1
0x11f4d765a2c3cb55a9b3aa22f80a3cf4534d4d71,1
0x6be309c18fbe511b6f7883b04d184992310d2ada,1
0xa66a1574769a28f9a450313c9dd3a209c89ef1c9,1
0x31d447ccf5ed1905287ca964b72f5fef01682944,1
0xc53f977136e1aa9031343fad39dcb4c11a1eb3c6,1
0x75c5b5498181da0ff9d3618372c4fde670b1d809,1
0x778fa0a3134a4b9a1955ecee703a586925c9cbee,1
0x432ee7ac7b80d7c5178fba2ee910482f7a6abd24,1
0x386db8a4a2659cd4e1f76d3162c45e212b63a3de,1
0x854ce16536cc41a0593a754f88a3eaf14eee9938,1
0x8deb54ea570a9ee7928eec1bd98fa563962e76a4,1
0xd7480f462aa2f485454eb928c479c76dd904f2ab,1
0xc97cfd2c3a3e61316e931b784bde21e61ce15b82,1
0x7b640407513bc16167ef3450fd6339803982e976,1
0xf832720689cd3720cb0ddb839cfce4c24a379ecf,1
0xba7cfbd459dfa75ddbb9901c661804d06fd4dbac,1
0x855c49e2af12e43c83526c5f5f639eaf004b81d4,1
0xb0eef59ef331cae49fbeb4c3aa5c55218a3969f5,1
0x59ff9ef6e31ca54ba033aa75f39e9cd2f3f22305,1
0x0a21a14fe203a267a13c3455abfc9d5f5ae982ee,1
0xaf263ec04290b2bfbc75748fc22c465fa8df76c3,1
0x52c4c6bea2349c5772ce206a8c97b487de551609,1
0x8e22df65a6cebf6709e1ca7f44c544a1c2fb5bad,1
0xfe83a0a06d830e9e2119522538f8b440ebd42ff5,1
0x57864aa393ebe7b561179451472fe8607bc0b420,1
0xba264037d93f4e06d5b19e9a73f29fa64689e1ba,1
0x2b28665699b37021a0d5fdc942fe1cd2da902234,1
0xd0981e004f98c7e0de915a6b68a73a2773f4ec48,1
0x677eee9c51328095ee201887cb06fc189c505080,1
0x96545a59ce81bb6acaf95957ea09cf577889112f,1
0x8379ac05ef71f982d497f392dc1a14ee859efd95,1
0x446de57a85d7b8cec2ba273293b55605be27eeea,1
0x4ba7a675b583cd228fb6ff23232c8dd41cd715de,1
0x9ee9a7e08e78d6a9cd9f47ef72592791c0a5d174,1
0x3f1e2953ec44a6d73ab54e5c6a07b099e7dac7d2,1
0x7889fc36a58a4e4778fc9ea33326fc8713ac1cf2,1
0x123be94bca3e5ae858039112d14c1c740a3989f9,1
0x3927f1b51afd205311bdddeb5646c4c6a309b2b2,1
0x9a55ccf605ff9d08c255d766b2dfbead74840053,1
0xf5f01873a719f3c04c01b12f849226226981a777,1
0x1b21a4287cbfa8f81753de2a17028bf2fa231034,1
0xccd3edb8cb78074b274f0bd86e013694cae3fc33,1
0xcfa2c1f20d45db6e3a4a204b89578f11cb3073ec,1
0x3ec70d39ed50bfc9fcad534cff646dfd798bc7c5,1
0x39cc9c86e67baf2129b80fe3414c397492ea8026,1
0x0ace76b681084e0f7fd9fe4eab763275d43bec8f,1
0x2dc820ae955aa5a34cd073f72b76e127cd7bed1d,1
0x5e07e40466ccff3baeaf370ad36fce57bbdac247,1
0x170032af92edf38c9bb1e51f28a503f124e26b3f,1
0x09276485fb976693e79ed9cf8defa435deb3be1b,1
0x649dc0c4b04e687430016e5d43210825d73afd40,1
0x80d145e566d98459d0d1934026bf91dfaa094ecc,1
0xaca470227af72b3db690804d628af2c8e97abd57,1
0x69a21c68deff3a55e7c0a96b3eef504d5da039e6,1
0xff677564b3bb5f9cd7e3913f096b6d68a161dddf,1
0x3d38729c81dc8a19a44e7ad929c3b8580eef97c6,1
0x0c6306c1ff8f0ca8432b761085d5ce74160a499a,1
0x9c4b70c239ed413dd717e99b1a09c423263650fa,1
0x603446a543e35236be41d543c8dd042f25741aae,1
0x0ff14dad100343a01cb7599aa7485c4892378e74,1
0xfae34e63ecbfdff0d6d14c5ada3268c5ed746c12,1
0x1c85251e833762d6411513fa9602ac1e5bd58d34,1
0xed3d677cb281189290ee14a6f063ccbed3f5ff33,1
0x73ed02129dec10ceda24f06174d093a4342cbc2b,1
0x72d2731a30b0bf4abfbd2f98391c5157645b36a5,1
0xda7ba2645e540d39c0e4b3c51a17126fff2b7e45,1
0xc778a5c9ef93128f473054ab2733f9ce7c462b60,1
0x59234591ae5246b8dc35b07eedf9e1e93d28c8be,1
0x082a847d5c3f36cfb4f10859599cc75d98ab56ff,1
0xd64b4f50c8d118f6dd33f16846345616ab80e16a,1
0x5f22dbd716ec054a9802d1d0632902398d097c36,1
0x433efcd1875d1a8c9bdd6f5a94a65485ffc0441c,1
0x63760965a8085f25b003374d86b09abd0934b67d,1
0x330a7cb2418a2856cf8ec47c2606900fd1a57bed,1
0x8cac072c724ee6936a7a287784d63c9638ed3224,1
0x32ea9aa3bfa91431debec2bec8860807805da8cc,1
0x129cfe876fcc7f8bb8901268d69d4c678fdec8e6,1
0x41e9e61a699a85daf12dadebbb7e6e517bee6b54,1
0x76c9d075f88f7915eb1ab5efb3846838b59e2db6,1
0x0ea770824779b7bbc4f530705e64b291f5c43af1,1
0x20539997dfb8ee78c8dced7749ad49627a6fdc4e,1
0xaefd26382d84a5f40403a8787b51290908ac9cc0,1
0xbf94e22ce9f77633aaa26443d7e67835e0b7f1a3,1
0xf141a37978d4b14a4a63936d4b3aaac479fef943,1
0x2d2052be503780c575629a22aa84990f9e38a7d5,1
0xdd5f934edbcfbdb25ef5dd9b8a3868d3633de6e4,1
0xe4cbda373d6a445f83fc9125c6230ba58bc08320,1
0x8455cf296e1265b494605207e97884813de21950,1
0xc70b41c06cd32245effd5fc34881e33022347cf1,1
0x54cee53d9bcc28554b365ef45b2e899036bbae20,1
0xf10439002216758e926e0e6ef022c693ef7cf269,1
0xf06fc22f0f9d15a271e18aa216fe183e20a7a092,1
0x79473b5482ba8de8de5c1e2ad08113e1ec528951,1
0xac2c874f01914c89601abddc6320ee36bb396d47,1
0x11924c505ecab6a2434bdfe94bc0ff1ca081facb,1
0xcf1047dbde32d72a5d70029494d9c304e9fc0f43,1
0x8772481791d3b8650ad0299f1a566085f1bc6f1a,1
0x69da4ccc1e4c56949639558b21ab52da336e5fba,1
0xa2b55ffb7ada20a70a1e6e79073f2f4d6623d72c,1
0xef3b70a6f22181efa9d93b2b6d77a269de816550,1
0x8471d92cd0d98bee82258c106adf147bde76ed9f,1
0x51f9ac9219ac68e9ae215af1aee40187abbe181a,1
0xdefc79316c9e12f2c5d82ab3bf10861ce38ce3cf,1
0x4c2374b21bbf16f57faee8e4536e238ee3ff2a18,1
0x1d25029d92a7051f46a13be9a512443c966d3542,1
0x1a7296a405d0680a37c3f13aaae4d5fd841e5489,1
0x05cda24eeefd1f24f18dac398f5a612674d3ca5e,1
0x2b489579dc2f2451fc5c9e982318b381c8d7f572,1
0x61e814fe997f0b2816fb9ac3c7df3aaa38d8ebb6,1
0x89b5deaf887ef9e3360f5e3347e6bcdd738778ba,1
0xd16164c0982fdf729fd9f9652ab80d57e365333c,1
0x7af061a6ec9616135231cb8de2ed2a0a4140e90b,1
0xba0b5b765d3d638eb560c7e08fe17f360d8e5005,1
0x4ec44ce5506aa428eda482dd8f1e11971e54fe86,1
0x0007fcf5590179336c826a60c80976623c7bbc29,1
0xd12f477ad6cfac95a12e08f96f06cdacf23c6643,1
0x6519cc343b07b3cc7d67d2ba35ae6b56da91f135,1
0xc0f2572addf922cefd0e370cf021bf85b54d2e8f,1
0x37cbc09501e6965c97c0e4984a0a371b5d591dd9,1
0xd8e4eeb89aed28e974cf4d1071ca25d336cec026,1
0x4d7fff7979ee3438fa3483ddabf7076bb29291bc,1
0xaf31916637a06c22157c99734cc94e03ab97a101,1
0xc3b8bbd76c78a0dfaf47b4454472db35cebd1a24,1
0xdb22ca143f6396ad289c79cdfa5cc47f65884162,1
0x886e16654fecf66c056960811ecc50fe43701494,1
0x83b97b9454d90791480cfda42c01d461d4d4eaa3,1
0x98bdfe7174ed431da22604aaf87d66fe2bd8621e,1
0x17681ae02f9ee53c8138b508810d61a08a70d627,1
0xdac8fc039f633969116d412522b3338e3f1eba44,1
0x08ba7fbc0aba77c3f8664cc71baee71ef602df85,1
0xbd4fee42893e8bac47541dc2b5229d7139186666,1
0xfd9c5f1377692c158c56c150cb4c84ea1226f56e,1
0x4f4bd77781ceee4914b6bc16633d5437eabca5d3,1
0x8c005e7e9d802dfb1e48074af7d5797303076ce3,1
0x99b9bff4cd54cd2948a03d02a7f25e919149c535,1
0x66ea34a24332a7aac398577494d88a33922e9159,1
0xce185e5bff20263f210c9bb867f1b0ea1a718d3b,1
0xf17c382e51d9acd6eeee4df02076227c81256058,1
0xee506eb20b9b4e76216e3dc6ee5584f4eba8fe8c,1
0x5d18c78f374286d1fa6b1880545bfad714c29273,1
0x7caa4ff0239ad4fef3dc7c628d7dd749d2e4d453,1
0x54330c69ac5fc215998c10dcee58c9f0364a7bf9,1
0xb7bd84b71fbe6f2ade449508b2b78cae45a18dc0,1
0xa12cea84eb9e6dceecd125de27cf2e9701104956,1
0x8a52affafa6b15cf1496babad7d6d84129a4764f,1
0xab51ad23d222fd0afb4e29f3244402af9aa3c420,1
0xac19097a1d482df3721eb8c2e9b71748a9823f0c,1
0x1ae50668be1f32179bce00eb203121f00907d808,1
0x853e1e59c056da9c3bbf4e780ac0acbfe88d999a,1
0xa614252e02c51f5f6073d4afc411f19679c8b2dc,1
0xa36fe80f6f730110ddc12245bb4cc94c1a3b5d08,1
0x855ab77e437a45d814b7b8bb8b8be38334fcdc4b,1
0x08882cd344a56c3da51a19def6cdcc9b290e7c80,1
0x76ba8674f08b13d6f78d74aa00c594cc9ed965d5,1
0x41859d1ce2b9683abc75df4c5a4f1ab7b38326ff,1
0xb38bd68a6f0ba599808d65c7a9cf2a428105b680,1
0xfa217e15832061601431a2a365f65393a74dbd4d,1
0xc1bc1b32b437b81345b84f77d300d95bd24cbb95,1
0x76b588e62f9ce0496861711832567f129959eb19,1
0x34582e98f3f7f7864a03c388f14c311d445f5c86,1
0x12c209cfb63bcaee0e31b76a345fb01e25026c2b,1
0xdd2d31348acdef864309a9c535160e7fe914bb7d,1
0xba64801e510f7f334ef947c668a830cffe95916a,1
0x2ae11ec93845b283579164436505efd1fa6b1ce9,1
0xa28fd178c686beebd6818d6772e56f6e7a6ff5cc,1
0xed4a660898b0ef71bf1a027287c7320ce4357785,1
0xac620f3dca660cf3e4ca160fc6f60d25b776cccd,1
0x7c30b14ebf53a8955a134c8f59e01e250adbe15e,1
0x996666de859b274cdc925eb890ebb39aadbf3317,1
0xb749a147ef387a90c1358a87c0e8ea9aa2ee3204,1
0xedd1f30d69898e4cb710cfb47c6114d31e6fed06,1
0xb23ea43e4811be9efe93dbe8f6b0191883342ce3,1
0x57a15518b0ab5309d6459dc32a8acd1e89e4f333,1
0x4c80bc92532225bfc71ebfb0bd75f7f71ab99fc0,1
0x1a9b762a62dd15d8e49e950721fa19e67fdb0590,1
0x8fc2326375174bfe3baccc98cb9906921dc9599c,1
0x5930a17e51b6b0f258bcc15240e2e3a7585f5802,1
0xb05dec2370a17478e726452bbfcd093f64f5b900,1
0x22bd04906e808196b19f7d10463fe463ed5f88cb,1
0x9ccb297fd589925f08af6e3958fe006195da0b74,1
0x27bb5366ef655819337d6ffd29a55905608c853b,1
0x311d07b222519bff34bd42c032478ea98b5e6eee,1
0x60aae432fa6eeab28b18e0bc3652cdb04f1cb889,1
0x60a363530ec7db4fe74f5ebe62c337fdca8efe0f,1
0x125932718c2c15d593fbfe9860b179e13371d9bc,1
0x8f4b933491e1319799229ed9d36b179bb859d705,1
0xd38919a385cf9bbade3249dad91b8d880b42bee0,1
0x9424116b9d61d04b678c5e5eddf8499f88ed9ade,1
0x07d86ecc077579796a5f159abbca9fa5b4f49ea5,1
0xbf218ba3d28059add2436dba93a7194c752417aa,1
0x30f96a8defbfd7729d1b9ca0cb148e0c8460b9d8,1
0x3539dc20e2f5cfa6393de9227ec281290d3142a4,1
0xb2b1e76265ce0a9eca7fef50d621f267108118e8,1
0xc7d178d2582a0889d3ed5926ca5ac7c9d2a97317,1
0xd732748071e38a48b4e9a3ff1b2e7e87c0a39c2e,1
0xbf06d42287bafa1d13121e3116a6a9f5f1266181,1
0x533dee7f5e471b34ce9ec908f6c010dc2a160413,1
0x15bcb3c18ffb1c957a30ac53fb85733fff606446,1
0x11a880910eb629a109b0e586167796f7438fd4e4,1
0x03285482fa5114dde09084dbef4e5c4f8034cb8f,1
0xc439d5db5e5945ece1cc649fb72c036419cee1b2,1
0x7e8dec1092f7fac6ad0803568505f59ba658dc94,1
0x819dfc1b757c0ed67fea97e33e70cc4cc640f99d,1
0x3d0889c3cd2f9f9b53b7132b5e9a0c90d371b9ba,1
0x8d900c8aca5b3846c9ad2cbf916f20babd95f406,1
0x6d5c8f445936aefa1021c6d53e86c4ad5545e48d,1
0xd78c7aa0455e78e5305ffc4a672b419b448ec816,1
0x1a1e6d575e55b0daea02ad9c780b0829449a74bc,1
0x709c13074ed89a5d8efe996b4f1e2315d833f431,1
0x9aedd82248eaf7a9d24cfdfabdd7787fdd6adc74,1
0x539edd96b903c6bfda5a54a28a74a85432309a88,1
0x0341e935efa5150b84003869c9212ea68aeb3b5a,1
0x85255294c14d12409c091aa4d43cd8cfd8b85192,1
0x23b01ce2385b2d16ac0dcea2e46edf21d49be738,1
0x130c02f83a93c4a8c5d77b153c555d7864a855bd,1
0xfaa9dccf86f5cd4db872377c18368b5d58bc7b38,1
0xee58519040de3504932f4c79e1d056ef1b42a026,1
0x1da37fcf2e0403057d61aaf0983832f17622a165,1
0x22111e321c58fc8e9fa009d3263364d37dc6e685,1
0xbc1cf0677fc5ed5d797668dfe0453b895d350b37,1
0x7fb1f91574e2d39c41a85395afc7ac2e4c0e6b9d,1
0xd53de8084e9316323409277afdeeffa8a96d188f,1
0x118fe9d1dc8efa98f3bf41618d9a3d7f049a61b1,1
0x6281a2ba2120ee1fcc6100becafe472291ba8e6f,1
0x7369759f17a452e6f8b52b553c2671d0a09e62fe,1
0x098cbf21f980856ae9a85d23cdf6133a6ee857aa,1
0xf87b712e4c7905d6f5768eb216c1048acd35ad86,1
0x2a6fc06e8feb4c5065db2364a4d21de9b1004a14,1
0x0a5b7c226ee4c3510a6f567a5e081971a0f79a90,1
0xf4c0bd9a1625b99090328521cb73adec5dfacbe8,1
0xe48db8b3474b09b32140f2b2780ca8b2049c1bba,1
0xc1d95b52611c5171b3a41df55c5966dd8abb6c8a,1
0xc0e40065d60328f33269d3b4846dbfbcb2b12045,1
0xb0cd2661a534a3fe22adf297476f2ced8cc56df9,1
0x08493a92a95d4e93bdbc49f66e7647f1445a9210,1
0xc20490e8306257df636e23be02a291b553f341ec,1
0x78a42a84bfe3e173c3a9246b3f5f1c5aa8bbae72,1
0xbdde100544020fc3dd072bf4ce9a62845e6c9884,1
0xc68bc160afb3ed468e0d98ff645ec760f6fa5669,1
0xe428d30c12b2b976d3681a17a9db4a185b17db2c,1
0x66ac38aad1f61e4d50b115879903e1a18ee9b56e,1
0xe2a7a1f92b7e90b7c779279316eae9f32d157773,1
0x702782ec4d986dd1d821d71452cd6d10ea5e0ea0,1
0x4f26685ecf6524d70349e697a50ce8ecefda9c11,1
0xfbce265272c92c3ce57b62ae0aeeee332c55b136,1
0xb2b559ac997331e2228bb17f2eb73f12f5f9668f,1
0xa4a1f13f6d71fe8261f7d539bf7b9a0fca2a0cae,1
0xeb1c22baacafac7836f20f684c946228401ff01c,1
0x75e60fd5f88faa26ecccc1212a3c8d6be4d41ec2,1
0xb13e2b1fcd163bc3705b1867487e9617a970a062,1
0xceeab2af38e6b086cdce120c49f93b65f0b92b76,1
0x10dbaa70bc06a3d7767b9b7c7fca894bfdf163a6,1
0x95e8a4792d7e5bf6ce3973184400cc9c37b6ae67,1
0xf1495dfc8cf795bdace6eb5559520e91d872ebed,1
0x13f9a182272f3ce3193fbda5459a8919d27624c6,1
0x735d06ad1f537001dfceda4745541dca048ee088,1
0x23be5fba1ba9c07ee676250040db99474da72997,1
0x0a8f4c21a980b0a76b4f7071cb4713d8a74753f1,1
0x3387e6f7c35f0806947159972afe265c3d2c9d24,1
0xde4f118110c2e20e5a8df899861ef5aac3aad287,1
0xa3fbabd1ee57af8e779531c75444cb4c259214f6,1
0xd987dfaee54fee1045983c643edd0c13304b1d70,1
0x5d7a182082c433090596e2ed57d4f88cf6468d81,1
0xcae2874732acb94ff38c98b5812395f0f342fd69,1
0x2d94ef86f8842726f7829bebd76b0b0ec2b6163d,1
0x5ac9982211070c077213471cfbd496a7af34cb14,1
0xb12a69982634121461c9e4346dd9cf9391cbc80c,1
0x418cd73af8131dc641c7a79147ff41741317f9a3,1
0xceb775d4b09c2fba2fe51efcab6e39a7da1528c3,1
0xd5e7af4b667ad96403b26b6f44fc31190a2cd8dd,1
0xbc0ce03472ebd36e81f5d7d12e638b207e9709d6,1
0x93316235ca4d1227ca3cc51de928aba21fc809b8,1
0xc3f4728f673181e20862d21d028cfeaacfb6d409,1
0xd53f450865fc6ea2d9bf38231aac358eeb137c84,1
0x8e6d18a600f8bdf70074d93a7da57932f763ac85,1
0x26df556a872781ee2674214ec5746d86afadc122,1
0xe1e71e8b336814014efc951e9cbd9432b2e7bb8d,1
0x1ab895797d9aa35173705c840c35f465ea7186e0,1
0xc8585c3638c343043ccebf12bb4652bf44db0d59,1
0x3d1805699ff92f10384f6deb5ce39cfbc93021e9,1
0x12dcd471ec7005a761e9e90760fb598580c51bd3,1
0x7a827fa01ad4985ca7dff695131b28a1600b9130,1
0xde64640c32cc89ee35e1657e02c4b0100e838fcf,1
0xe175fc3e436bd88e0f70f094a869226e452172b7,1
0x0050ab609416ae54b937231fbff04b23f69496dc,1
0x39fbe769de5c86daba06d3ecf889f2812b8038a8,1
0x45db9d3457c2cb05c4bfc7334a33cee6e19d508f,1
0xeeb2abcf0ba8f51fbf6cbaf357d4193c105381c0,1
0x46ad4eb64b48c0fda7f13866792a72a67e968e23,1
0x3fda15273e4e7211377352e0bb84c02703303723,1
0x852548338cd5a8de1384fde3bfc678a8669c0f4d,1
0x5591f6258fd9eb2ad0d3a4e88245d06e1e8661bb,1
0x6ca2c4ba3af305b9e68913a5b09b7b40d1f78870,1
0x3b9818a507afb5b6865152a29d5f762e2f8d458d,1
0xbeda58c3572ce968c7a8fb27b4ba2bea22c7f9ca,1
0xba7a9701a17577438ba4c6a678b533404cef3be0,1
0x0dbe146db9c963bdc56d7445e293c7c3119fa2a1,1
0x4bada215008b595f9d35379c06bdba0283fffcff,1
0xbe81d93f812b833684704fd2af8e28d27f51e541,1
0xb923cf46609d7fbcf1b923092c7636d05506cbc9,1
0x1ed73cd65a1ebef57ef61022017f998705787fdc,1
0xc47faf99100078461a63864f50f1315b6abbd5e8,1
0x0396e41347f6a8ca45b4a3efa82c436786dd44b5,1
0x461b826d3c6108a420ac696631dff5a6a425e01e,1
0xca11d10ceb098f597a0cab28117fc3465991a63c,1
0xbb674c3251c4d1fcbc4860dc707daf94c286a461,1
0xf2172ba910a5213ca2f91b7bd7782bd6e4e69cb6,1
0x668df49e79e6a828b27f455297291a8bd2fe0531,1
0x205819b6f631c73c36f899b2f58ef996d713a1d3,1
0x6b7a91c6a6832bc3498883ff65268612f67c8119,1
0x75e7b77a9a21283f8fd1357cbc8673100bf475bf,1
0x547322faf3b4d0e16c8dda880da2bbd40ebd6109,1
0xcd8937c7e01c3a8ea832fcc98198ad76a052d2d9,1
0x260c776f721e6281e51f21aada74f6407ccda236,1
0xb82e3477359a95d983d247dd89bcebcbe4c3fbf0,1
0x408198596e2a166d80d61ff7db4a8ef5f9e96e79,1
0xd8ce0194d66f6c612ad46f4c36a313f775123ccb,1
0x80b946cf5052620cd1e227ee501aa8f1cb896df3,1
0x3d8b359962463b022459d43f9bb8d7fc77f611c9,1
0x1c625bdad4f495c238476d507d151c7ce57fecd9,1
0xb20ed35c750072e6f5b70d05e9fbb1f90a7b02a4,1
0xaac709a19274b53a9ce099e66c672422c019df7d,1
0x21860deb145c67cc6c1636b6314edc9c10d5677d,1
0x7c4f9133852935cbc555d907cf981408cd2d4834,1
0xea2862311354b5ff55845da961fd4823ec7f9d6d,1
0xf3a80df4e39486545b2c3e79a79c8500dbd71ae3,1
0x977cfc0181221e77105cd93ac837101eea4df48e,1
0x6f23f365330cb3a8cea066d00e672fdcb8357b9c,1
0x37729c5948bb726a505b9633caab02521c67d89a,1
0x27e037e0461e3d5587de786ea23441d83772353d,1
0xf77bbc1fa9ff768dbec37418e2785d0a336815f4,1
0x0ae1d436e7af8222f07e06869b8b4d20ae8e2011,1
0x84590d8b7c4f89f0dbd186e12b1d2eaa92446e41,1
0xe6d12896544b7753714b4e6ca14817b3e2dcd0a1,1
0xb6037b6feb9406942649885959346755b3ad04c8,1
0x1593a9b67ed8d80c9e45081f2a30e675d2b3c002,1
0x808c920e0c661ab1d9c0e38215788d764b9bacb2,1
0x3129648be98ef7c2732d2e0214e724edbd88f1e7,1
0x790fe1277cbaffd9eb9abe2e0fc7cf5e1d01988e,1
0x07e92b07f74a3d021534e2f0382a9054411b8b2e,1
0xc8ba8d7e4fe5c7df8c05f06ccce55fcb858989fc,1
0x0c5c2e6a4ce269106ba9ae1ea397b02b9643111d,1
0xf60b4342cf2a83451cbc17b40c0f9527908f6c0d,1
0x6d31129de814c26fbdca8f98d230c1f99015781e,1
0x8888888888e9997e64793849389a8faf5e8e547c,1
0xab94f597b94f45680b07997c394535d7ebc4a297,1
0x46cfba60b62b1b2feea4c45b1961214c05083582,1
0x1d54cd3ab1b1a37eee51c2ae8680a3ec4f31f54b,1
0x639bef9e848ae725626360523dd1667e509198c0,1
0x54e2738a4ccc7c3855a2ea0f4fb2512b754cfea7,1
0x87accabbdedce63379af9d246bb979a3a481534c,1
0x08f1f3669598eeb0e8a63fa73480d1e023c30afd,1
0x26e382a675e60c5351d084513d823cd0d5d18736,1
0xd36f0fb6ebe86bb7256a458c908ed340cd9c3a7f,1
0x1c91f3034c235f24d39157e9f052d152f4c3857e,1
0x3c2ea9fc12e137e55165a53d3f7c9fb7a95b6b0b,1
0x49ffbb2c43ad5298db85912f87e3781fe2ed1770,1
0xb86ea3223fa32f1bd7f7ffe9dec2f01d30ec3046,1
0x59d305945a13669a31773e1ed0193652b2c62fe8,1
0x391a3699f430a4563097aec735b3c242108350ca,1
0xf711a6879b27fffd035a1a7f7e8b62a86632d442,1
0xa81f3639275eecf79247b7ad455cebcf4dda3d87,1
0xa87d967ddb0eacd4ce9e1ae7e4fdb8f95f884d81,1
0xc0fb55eb408a4e12773139ae152da413d288f3c2,1
0xcce5ad053b8a02c2ecaa8c00412ef9915339542f,1
0xa3e826a5d1631baa4cf77d02ed829d2c6fcbc9e9,1
0x9888eddf5cc6c5bda466a994f0ebd8efb5ee90d1,1
0xa79e8dfdb24fca84c23346f89c87d7a8b82f7359,1
0x08ee7b575f206d4f5fc16b0c3cb70e0deea8a732,1
0xf5c9f4cbcc1ec49ac6733e1924c9fe810bf45f7a,1
0x9fca5cb296333aa780d3367951f766ab3d7d4098,1
0x0ef024d299cb56805f2437cd00b8a361a7b06d54,1
0xc23e873f9c9b968ccdff0e413710d865ef18b860,1
0xa1f52dcd0bf4867f3f9d8937b00fd8d2af3e94b2,1
0x0c0d8f387030c631de001d99d40b2e519cf4d10f,1
0x73f25e7c26b3424344f0bd3f61a44efe74fe280e,1
0xe6c26d2c2376e8997057fdc9ec0076249a6851ce,1
0x800ddbd272472f8ad19acf656fb0eee32cc2f479,1
0x83f0aa19ef7ad4c79e995dd684e06b5b44d3647c,1
0x862eb245e19172dc3da2e16248ade9deba757004,1
0x696ed7b26f4b019ceec78dc8b9140ad64a6f354b,1
0xe781fe7a6f65ee6b3efe66ed8f7f5c1e9f01cc55,1
0x1cc848568daabc2541f58c6d2f3344972ac1f2cd,1
0x15c8d7d32fcb740eead55cc96afd2fa05cbe6e7d,1
0x66259e8a66b12c610d5819573546ccadde9d0001,1
0xd37d05655d8974e3d12e23cc1be06aaf4d4aece1,1
0x46a70a670933c633b179c43f52d6b9c8bbbded13,1
0xeda91b88e63dea1efb3d53bc3c7fdf7551b7b726,1
0xbd79b7e0cae4500eb02e6f212ddf2681ac8fb6d4,1
0x6ba59d08d66dd37d550781d22a71876267c05e37,1
0x0c5679186e36be5514146822b9575c8175ae24dc,1
0xfc49524f4d0a1585e611ba478d225dc7831e2e7c,1
0x5b8660a36d3af77830a35355658bde886dad95b2,1
0xee0d226287f838da6ab7eb10f72bdc14b735c168,1
0x3f7cf1e0d51c141884d7ef41378747a505f30441,1
0xd5e83f5fca5854acc2e49fd7b9b476c1d1ffa96b,1
0x94345607093b249b5100e8d1e499928dc163dfdc,1
0xc99e617b75e9bd50f2b3cec824c234e3f333d8b5,1
0x82c3ae7fd3f45f553ae130d5d13f88bb46fcc2bf,1
0x10c9cca806ba4a8f580ffedecd9c2e8a49e6ef91,1
0xf04addc585002735c378b5e51a813513ad8e3b64,1
0x52ad2b7e5a8e591cf9ad7124c6dae8f53f87d936,1
0x1e572acb67f6fbe4a59c7774157b82c950b66959,1
0x3a96ce3a88e90bd6b480fa99952ddb3e2394215d,1
0x5e222e726636613c40a87412b9ee04ff53c536e5,1
0x271c6f480aeb26672b915a7b33159ce8f1e97fd3,1
0x87685266a30bd54c18d9eb35ca4b8f1fef31b9f1,1
0x56b6673c3bc30fbd588ea60bd32228ac1947387d,1
0x506c23d8882b3768f7b410c3fb2d525b1d7cc466,1
0xdf43c410cf1bfb8bf4876e5f366bde6576babb38,1
0x786f0558ba618f56478b01d163248246ca94b29c,1
0xf78f9f879e0c3ca488fb83cb276b0a9bdc42e103,1
0x18528b590e730f70ba39b7b72f54de1d12e3519a,1
0xcf0d46e050558a901ed1a7c31365ceb075e2940b,1
0xb1904abbff9c65e538b7b4cf9e876c801a2bef23,1
0xef26d046370c703a8f954a7ef5834b80efc9d5ad,1
0x7f3ee2e6924c7fa286e0bbd88bd2efcc106b0e1a,1
0x88f038389cbe95a917042bdb0f3afc434c680edc,1
0x41ddcca12f58f2ae95190e6fdeb64fa42f9ca873,1
0x9e811feb2c58030a9f7c48eeadef4e56ce45810f,1
0x44b0c6997339a3fff42651158d3453615e6e1202,1
0x2cc51e82ecb8157a5405fa6d5911bf5400517630,1
0x5b6f36473aea942c3dbcede8fb2a9c645fe75fd1,1
0xd1f3a51bde35942789eb3b3ba205fcdc340c8552,1
0x93091fd134f939cf81e0588c4442a5e162985e1f,1
0x409c9f9dc413d7b026c677512aae81323b2c76a9,1
0x3564ce014967c81e25f6349124673cf60b7ac572,1
0x42d3b1e30f39191f6da2701e31cfc82574ea14d5,1
0xd285cb6a14bac8511971812f681e0513fcdf604e,1
0x2f0a7eeca5747c9f8f2fd3257e42cc3a5a5d4cda,1
0x6a045f224e69a9f2ec95ba6f8a83afe03af8754e,1
0x2f944738905f93ec3fba145463e0854b7da77f71,1
0xeafff95282ba3053ff49bfb77fb37ef30754eb62,1
0x76417ac85338c705ee75465699b02e738578adc6,1
0x1cb89e486db5774ba084f683796286848df489d0,1
0xe910e40a6df51666440a5d19a5b92b6c9bb6064a,1
0xd050c97e76f882187c781feb2e74345227e2f710,1
0x8215643e5757d44940586aa670c932bd703034f3,1
0x13a8cf48bebd5514031abb9b2993b7fe72e9c10b,1
0xa5f09c6f40aa9b8f7ad70d64c42e20df1ad1f0f4,1
0xe77a08d1513974f9cc89fd2eb043eb68355eed20,1
0x39d3158a7c9d4f8eff36524b9a2065465995932c,1
0xf81c1d67b9c1f80eb30c610e2a78c2a1b1fb013c,1
0xb4923178e0f393d85b9fa56b49003b2f9e4ed4ff,1
0xda4ad44954c137c98eb210612b0bc0f172df17c5,1
0xd44e9b676e74ae45c0a39150be771eb189bb2337,1
0x75775181080b3684cc3be770ba070d1ecc1ec50d,1
0x2421134c8e8278ad199f6886ae70c5c373da3b48,1
0x3ba41a9e97f80fec64ed68819faf12dcc6dff576,1
0x952e2d065e60b0fbc9f130917f227621204ed48f,1
0x66482c9ffa6eb98659a1f8b5535d146471c0f743,1
0x47c553e889f7bfa75cf3775473180a04e9effcfa,1
0x547a2e8d97dc99be21e509fa93c4fa5dd76b8ed0,1
0xd9ba239a881f718072e57d9810846c8d705f93a4,1
0x6868a6995302c0fa943b250652e08b8c4fac6792,1
0xecd2663a2c86e08c3cf1e79952a898365b9d894f,1
0xd6a984153acb6c9e2d788f08c2465a1358bb89a7,1
0x4f941e5da657375e75d6d92852431cc7be3ef7a8,1
0x879942200096e17e876cf8484a0f93257b57b9c8,2
0xff56d36ff30751e43804dbb1b904afbc115b3b53,1
0x5ca12f79e4d33b0bd153b40df59f6db9ee03482e,1
0x520b33b4b4015fa88a87feb4a252620a5b79a1a2,1
0x8555e51f5af836096b165327302f27304ec7aaa9,1
0x8d52872f8c0635f8ba68f5c8c2162ee463ce6fdf,1
0xc213c7e9f8e499e0d50afb58478d6079254c0209,1
0xb6f79b687c2f61fc69fef6fad96aee61228d81e1,1
0x92a81515155de08443aef5a11a17501da22d8801,1
0x388892c25255c89f73ce9e22515f4b996f1768b7,1
0xf33654f85ba6b567f8841c8c954635b27e14c49d,1
0x2d203335219d3130991f8548b6cb1863563b316e,1
0x8d1919f9f69911b0c6630703f1ab5da3d3faf1ca,1
0xf211a740b547ee0ecf34d48ab7557b7a84b231d1,1
0x352c8d4963a7cf2a4ad44b7c9be717645fabef50,1
0xca7cf06fc4053f1b74c332750e4e360f6c1f5f4e,1
0x4c49977d285c29a6d7caf3f1fc563103e79f9010,1
0x7f47a6f4b6b1b621b04aa1cab4bd75e17cc7e0b6,1
0x9b04ccaef1fae002045ae310aab397ee875ed349,1
0x80b389d7f56915f496a1b88e38f19a65516cf49d,1
0xf2c7e2f00e72018769e419bb6511d34d59fb4d61,1
0x938ec91427b4e8f0d35261ff1cc4dd04590ba642,1
0xfe912f7f98df6946f4517257a13dd297723a28c2,1
0x00dbe3800f1988e6a027b56b3c0bd3a30b6e7b69,1
0x4995e837c06970cc8d64588f2c967985d2451e5b,1
0x003a324f92f3da19f1816c7449bab8d02ffffde9,1
0x9c66cb22926de77756d719b69dbfd73f794d4e90,1
0xb722e190319010d6e412509b582a77dfd75a7858,1
0xf9076ce2a128ba0d5c910a1eb8dcc33271c1c536,1
0x0b18cd32055d75b168cb1e96c11154342066db9a,1
0x0bb754c2082e384586cc19234c157ce1d081c6a1,1
0xa976fb8ed77bc1016a06074ff5e3e4a5fa6161e0,1
0x72a0726ae7a9054476a8c7e759962a4da667175f,1
0x476be6b54668fdaf31185c5909cb8703fe086f34,1
0xf5b4c4a7398662e0f5564f480b1166defa7f500e,1
0xa8806ccb79069c976e37ed1950ada0eacef6a289,1
0xbf567b7c88b73f2c5ada6f352452641a94c47fe4,1
0x3369404003d19249f96ca5aefb19baa267b48af2,1
0xf39e356b26630115dd171f1d41640c45cec9ab21,1
0x4af694afac543c2586feb46a3fd2b3b9f3d94f7f,1
0x6fe74660d9ccad62f5ce15657e95453f1c54b6fb,1
0xcbe2dc51be3b5b03a47e9eed7005448e9fe40791,1
0x6c9726afbf60be7a1fcdb5730a6c522b4f578fb1,1
0x891f03cced1b149e6e4b9f7d2e18bf7aa386ee1c,1
0xc474e843be98b9950602b49aeb556713d8ac7837,1
0xb876e9e9d89998a483dc9fbf83a12ecab172ac9f,1
0xeff3554ceabeafa42d92f539bf71c713f5da5e06,1
0x3f0229f3a99323be9fedaaabe127f9e2b5e84aa1,1
0x527ad5b6d8ad7cdf62f353a55bac5492fa2e73b1,1
0xc8b28b6a310904c83d128be83b3797073b5c5302,1
0x8cabfaeca811558da37483869747aae2df21f45f,1
0x8880b69c95c0183bd3d4f30bc4272e457552c3d2,1
0x47f4f63b5760613a37acc9a83d20acf15d45e979,1
0xaecc64a55d46551e410d3875201e9b8cd63827eb,1
0xac0f76a8c30e23bc197d26465e7be319713c5224,1
0x1ac0a9f1b13dc29537767c3472bf5f155b98459c,1
0xbfd90a5fa214a5e868bca65fd37b2acd7643ec85,1
0xd5d692be7acd0a8b939101e4a2d60467368d0d28,1
0x61b2889889591267229b8d05a7893ebe3822a8a0,1
0xbf02a32ee6e8570d76d510bfa9bcab2a4f651e80,1
0x85c0c09570c955f6e07522e9ad6041716cbbb7fe,1
0x2759c9fd93e494c366e90eab777c7838de6da822,1
0xdb8ff91c3c3327b0b7088b7f0976872588c4b907,1
0xcb63958caff1b3b94cb0d6875cd23e945b06a9dd,1
0x2f5926896bc7f9432392099bbc66526cea300077,1
0x55b1eeeb65316129993e84ed2ced1472351ba1de,1
0x9f2dee49af076fddc50ffcdb9d7b5b69ba22f754,1
0xfe73f0b55ee4b411d7d1e4d5d5d4f8834064e2b5,1
0x4b3b0a6c0bacb088b6b0b0ba31bab77282068117,1
0xd8e93ccf41f079627f40573152bea5178041e1be,1
0x340b14f9a146cc1eb85e9ed5b318a0a3e38e6cb1,1
0x08255e706f23ab1f5703eb717d8cfb5d097ae0f6,1
0x7e40366407d849a0133ee3fa86d7b829e00fc55b,1
0x15619273a8826b4bafa17499c3c49aa5c7e78d96,1
0xe9eaf0fd93b77aee1c012e91b4a7653553949b7b,1
0x5d7b71cda3ce450b5db872776c3524e574ee0b7a,1
0xb33c6c9269e78f5c636f2c679c435c7c817f5ed9,1
0x8d12daa8d907ad9c86c1c317e83cc430e9685771,1
0xeef0c3ca47ee2b81f921ff30a381552f773a5bd2,1
0x2fb55f58dd40af75dc019c2a3d09eb6878d376ea,1
0x91215d71a00b0907ca67b25401172ab18d4b18f9,1
0x0262adbcaec7d20a384b1edae24a602adecb6e64,1
0xf59a58fdc3f820941fa16f53e56cb11e7cb2841d,1
0x9c786733e9af618b459250831833ede285f56301,1
0x48af2bd40905f8d48d187ecb3c6bbc19ec21c795,1
0xb01ec69454206dea9832eb6868733e406c91ba05,1
0x918dfe9145e0c5a8ef1c9dcb6e5c0b17f669affb,1
0xcf803a49f6e37b92a4040e397b976939dc5d9841,1
0x953cc221d2d43ba9b7eb9bdf17617aea39cea774,1
0x649ff45a74d3ffb86a31fcd1e9c88f46e8bb38a0,1
0x14977b0dbe7e155f9907effecbb70c9b7a05e737,1
0xb0689ce4c127345d05db41c942770b663fd111ca,1
0xa6b880ad5e007ce8bc681ca974d79ce58fa0424a,1
0x36dd9e834ebcf94efda21b142577636b62d4770e,1
0xa068d2ce57234a6324575ecc088f0d3b2c100974,1
0x11099ac9cc097d0c9759635b8e16c6a91ecc43da,1
0xde59d4fbd48fae4b3c20817981baae47f360f4c6,1
0x5286bc17220d51a36e55f5664d63a61bf9b127a6,1
0x8ca7e4a1f59495107bdc4c7b246691d89fd3a939,1
0x90451243ad2d7da2229fcaa263f460dff2e375ce,1
0x64951c5e4ed6ab0ed319720fa3a6cc32949cc649,1
0x571b8db726c2a29d237f88c9efeb896290bf395b,1
0xf9e3f1e067e36d8766b53a2a2fd0fa0ebd08e210,1
0x7bb718b04e23b7648f146bd5995aec7e70bddb55,1
0xd58518b059895d0628f065f42d2d90d37f347f1a,1
0x159968fad6a3df074cfe7e587cde0c5f375c1b70,1
0xb1f7d890b786e73a01ad4cce1693f1db3d3c9a99,1
0x62cd63e7203f53476ea8956276238fe839a23103,1
0x931e8194d361571cc8476b15f8ce2f6e72d593f5,1
0xf3aacd88b40478ee4b339d336e2327a9a3b42a84,1
0xc113eaca52c51372106f9fa57d6ef19638d61fc9,1
0xcec1930935e6148c6d74a9a8d18e99c216a75b9a,1
0x3ac734159d2668a95b6478265ff4fe2792ce9802,1
0xce4122fec66c21b0114a8ef6da8bcc44c396cb66,1
0xce378db0fc9e1babd15132ecea53809d572f5664,1
0xd7f47f4932f65c2bc1650e6f10218a0528543437,1
0x8a7c07154908a1701f61ce2ee1b81fe4eee4216a,1
0xa31b444f2cfd111d16d61335247e66bc491c9039,1
0x9318f724edfcf60066a924ddb9133a312becf0f7,1
0xe10f736985a42ddf342f75c83e0fa457077b2284,1
0x47e054a8fcf3e27a4bed979c33ab65a5883fe437,1
0xfa43b254584c0edae92e57db903e0eac695908e9,1
0x3b2228158132bd8380b370bcfbebf1ed3bf96331,1
0x2ed364599c727a3712679341a4863c6151411ffb,1
0x17a77d63765963d0cb9dec12fa8f62e68fee8fd4,1
0x23365943bc98fc868487172e7d34f8af69ee711b,1
0xf4a2f16ea9ee6b69e90df8d8cf5a5b7622fc89ca,1
0x4762b5ac03fc097a500b48cfefffc027e8b37227,1
0x34974e768a3d4bbff41cd352ccbfc56c57b1bcb5,1
0xc66ea26c7f8c5fe08b8a1b0519df9e0b2618e169,1
0x0282018582f1925347f445b7a986d336965b1847,1
0x296132e19ae5737400ca45bcc8c8555982d41d53,1
0x16363a953016b9b941da29a69f361f2b7a28dd40,1
0x82410609593d876761681580cf304c794bd58d09,1
0x845f97e61d7e868b49cf3b980557de0860b11a79,1
0x869c9fe2eeb90de5da26e115c3e3dadb7c461f5f,1
0xd1f50beb4e945e357b9bcc1f2341a6aba8a9dff6,1
0x6072b510aa765dd2f31975c9aa65dde39fd1a282,1
0xcb06bede7cb0a4b333581b6bdcd05f7cc737b9cc,1
0xe51748456ea9759c19d232a32f96ba3c1c110776,1
0xec8c1050b45789f9ee4d09dcc7d64aaf9e233338,1
0x790c83df4a0070bf72f571ce718a5d2d0bcbf982,1
0xb5363508582a631413b8b9c99f836f4b673988a1,1
0x11b7b38d5b96d02d6381e646ad8ca55db74dadc8,1
0x869c9aef10d4b33bdd8d26d3be5a15a6456f371f,1
0xd227e6a3e906a4ebb8995745715b6ed5ead1d975,1
0x74d92fab35473ce7d728a7bc2e8c7e9e9250d5e1,1
0xfc3dbb65401d54e5567f5bef94793ec1999450e0,1
0x18a7ae469892d8272fc16464c935ac977d19b04f,1
0xe53ebe8ded621a3e5a1789bbd2605378f8591c87,1
0x35c1993379e9dcb3b1c152b2d7116dfcd373def4,1
0x785442cfd567214856fde0906774574a8285bb67,1
0xe42a672b9b6076bd9cfe838dad1827c2cfedd7bb,1
0xe25449220e56387f005027f1c76d5a2fd807bad6,1
0x6a5ad95a3b0d6d4739de4370f51c8670a4d53700,1
0xc04d3b4adffd4b6c7413f59e7825ff289e639d48,1
0x578dedd91786c6b7989c87539729b6f4d17d910e,1
0x6d1305bb27232bc121c8075c92978edbba199c6a,1
0xcea8168719c8ea0e03b5da3631127797d99a5178,1
0x4f93141ba3350b2529e683e0f25578fb325dea44,1
0x3195c4b335c3b8a0eb9b4bd51884e2c4b9ac8ce9,1
0x767a58ba5b0e404f5befbde4d7f00926df568fe4,1
0x6c40798acaec7502c3d276cfb4e79423571a5b0a,1
0x5560a6e16411a4eba2e6e2b8573e21538f1965d3,1
0xfaaf6e583546295ce96316ec26424f37885668b9,1
0xf2857004f08cbc17375f9d1d894c21c99f4f7ce4,1
0xd503aea851924b327adef2b40a3a63c8504defa8,1
0x7ce2c24fa9447da94f15d9255c5f44bfdaf8dc07,1
0xd2f75604358c867c459521c45c2e9c45fbbdc772,1
0x218a211431d5592316717bb9ac07d36f18d3c8ef,1
0x084c2c02a1448dc79692d8908648cca6d5e0b1d1,1
0x69a463ef66c4966e8ce368ee050fe2d0c79deb02,1
0xc7db4c95e3050c73db2da4041a03c24df14fd024,1
0x6c1e37cb90ed8f3e22fe4d2bcd3da7b520e8defa,1
0xcf9799f5292bf594d1716e941c67bf77c29e1a8b,1
0xb066a5b94c4d1c7c06610d1628375e5e4b265de5,1
0x004cf65b315287fc064495da288459208ef575a9,1
0x51733185d7d1f5f32c2bec2bf120b84b8d284a70,1
0x6298e18c627e6fad358f3e4633fa0fd54a88d015,1
0xa3b711752f08980f4a71777217fa81304aeb8ee7,1
0xb0bdd53b627d7e61cfc5c13ef110e47e210fac6f,1
0xe41fef6d3b5f174ae306b17e80e023915d9ac093,1
0xd536cc4931521ce326f235487b9c3b1f756d2570,1
0xace379cbf7f46f7b9f5a8b6da185457a505b6af7,1
0x7fa5599cac66b7a51a8772d76f26719e77ad7c50,1
0xb7d032cc77919e17078a172ba98af27925a4a03d,1
0xbd858a6141870e3b43e7e37b1974b6ebf0a87e18,1
0x514345930a261a2d43c367c5bfd4ed24fc762cab,1
0x721540d874053b14f3c5e421abbe7bcce008456b,1
0xcba202f6c6684c497c3fb7740a6f6ba14041cde8,1
0x2c3244f7761540e41859d9a446b489b08a85a058,1
0xf65f78b5fde2b1d29e802480b8398bf7f3b4f271,1
0x813a3005b071791b98292c74cc0700239c52db25,1
0x951e3f7596982adb595ba2162e82c2915e5a92ab,1
0xd7efae6e8e0556ebb5e77a499a34fce6a4d8c722,1
0x20c0e84995211cfbe87d4370772c9f102e22cec2,1
0x66b552365d11de1cfaba3cc1d20288a9216e8f45,1
0xcb8d9eecf33ba585d5e00a87bfaea4114999c5f0,1
0xecad8abbd90ee7aedaea07f24849f895cf2467e4,1
0xe410fe139e986ed5242e19b53806a9fa5ff1fd50,1
0xd70150a7a5a42d4cd25974dae077a79a1547fcf2,1
0x7ad225751ed67118e9f54f87e08f64e43ffbef0a,1
0x03ae1ac3d4e092ff635fb8314f19a70049bb80e8,1
0x2fa5b63690d63f9c3d5deeb32cdc5aebfe1cf32b,1
0xa5bc4fd313afedc439a3202fa54cede5c687ab24,1
0x10fa97b2214bd074c349787511c71a3c1a5122b7,1
0xe5f3fc847d8a1dc0e7641dab689ed054e2c31882,1
0xf71c063492a833c6124236a746da25f6f240e44d,1
0xe8170bc2483571d06aadf73ed5f90e0719c6afa4,1
0xcdf4930c1e3167faa772fa463ae8ff44d61273f0,1
0xfcdb35c1105ca8ea01df3b81a4570ff621817cb8,1
0x8e5f71dc1d9b1dd976137d61fadd5a4318a8ea39,1
0xb97527632a95074f60148759035b21e4fd4c9a8e,1
0x821d86d48c623511b2943f7112ab62e8adb25228,1
0x47a710fa6bed241a8ef0080f10cad9a90bd670ca,1
0xdf4329a7fe5b265ee0fd7315432bfed7498157b7,1
0x69ba1ec4d95e1a5422f5b8a420245f2fa1ed723b,1
0xab0e2f3c3c29deaa7c3ca0dacec97a33d5c26708,1
0x9d95d36f15c3cd3028d53a58ab6c60a1a7815179,1
0xc6ce3202b4c5da7db2736e92383f6405afb57715,1
0x6de4d35786c9bf77d48d8bcb2e8df2f93bd83aed,1
0xf1f174ab7f3e7c2c97a220650e0136e178fdcbd1,1
0xb61ac751e031802665b52240ebf55210499e97ca,1
0xba7ddd1aea2b2af6eea96a1ed68da42fbe4b6c37,1
0xfc4b4bba9094da6d787af593ecde8079b383a983,1
0xa6dec218bbfa71a7e34c03f39fb647cc90a42cfe,1
0xb36414d07f01c54ef63de464c8eb11c0fef9f79e,1
0x46105de145ceff841edc1382f3e9d6836ae4a609,1
0x76b4b991d3ae570a2d0d04ed511e9779080c5340,1
0x261b3506d1f9c5414cccfa74bab3936e756da207,1
0x45b0319a83e9c831eb021c6ed37c1b185341c57b,1
0xeda4aeabae2d559e7c5aed03cc288bbf44a03134,1
0x631ec40dbae6ee11590549b5e270628840093a08,1
0x0dae94f2b836b4e2d87918e5b5056c7605c3076c,1
0x9795a9baac2f17e7c7f11686bc6bc2afc3d84612,1
0x0e9165c99175f6feacaa98b0292bc3f8ad9a2ce0,1
0x12d61dc3d789a1c8c8a3b88d0f2e980d2d1c5cd8,1
0xb4496906d6ea2685e7a46a14baefae9fe3bf0d2f,1
0xfcb33fbe33e1f0f066b41c24d91e994d8fd8e526,1
0x24b5afe1719673bc51b9df97ae9f5e71cf5dfb51,1
0xfe2037c5d1d078c23fd3412d369b8158246ab71a,1
0x7c6b066cd8538687f8719397ece8a038573ef54f,1
0xf70ebfd828b993e2863670530c2ec62c049f37ad,1
0x891d5b099477fb7f181c79d5ac45739670eb76fd,1
0x42e62e421bedf2469826879ec1a0574d7d3cca26,1
0x4a6eacd00e3a586550bb3b52731d51ce7f53f490,1
0x7c2f06ab61a94fe9760cc8d9ad35a33c0472cb8e,1
0xc6165f99edc566743a0528b1d8bfc6a038e8e4fc,1
0x4303f832a6a32567d8ec01a070b58d8a4f10e025,1
0xe36067a4c51ff6cb7fb6f97d1931bb27a468960b,1
0x76afd4849dbb63c04f3c2629d7a216d7d3e0e04b,1
0xb0f85862f5bf2162d0a7608730a5b1ee1a15ee3a,1
0xd4a08cf067c83d1b2cc1d26831569b7850804be7,1
0xfc5c301fc19f13300b37c36ab1839d3462c21a4f,1
0x41a7519f4e3d8f0c93ac9e8cbb413763a9e213b5,1
0x3a2c6b9d1548d752b85a17bb8cde226ee70980e2,1
0x05d23f26b6dafc7043fe94fbe85379e6bd0bcedc,1
0xcb954087ecc62651b29ee5e5bc9d06e85a557740,1
0xf09306e25661b1a0a026a607dbb4f63ebb9f3558,1
0xa8357ee17cb3ff5a6b9694ddc8fde0ed2ce9d788,1
0xff546e41d928472bd99fafd30913e41a7f6106d3,1
0x006bd95bfe6eebcaf78a8a61e10de8f984a70b12,1
0x174fb6da52a957b0620d0902ace4fea33ba84d35,1
0xcd4d5fd34c73e9ab939288f5e569c6d9cfe92d1e,1
0x8537b95ede7549c3341c4debc02215551902a65a,1
0x88739ae7f8647632570d69247ad1df4793de64fb,1
0x979ded3b9685b12eb3f17ee6824928979f849c26,1
0xe069e297de0d8bbeaf65dcd9ee0b0a90b2f59820,1
0xb48abc0d58d2d0dfbfbd60bd87c4b3fceaed0350,1
0x96ada25518aaac06c412143a57cca5c5af17ec0d,1
0xa7c6798540dd92856ffdf650b422e6d08c7a7b77,1
0x46a2524628486bc88a60d55af4dcd598a5ced4cb,1
0xed3f868fa921974f4addbfc982b1298c82dc6cd5,1
0x58b5328c6a8e7936c7d8dc109d0edcd4d24080b8,1
0x75d7d7972a62b00ff7ef071741c929f59d185ee6,1
0x0d4178564cbf36e7eb7166bd9292080d2f7484c2,1
0xf84f2f86be594dcccd4c192ab8058f9f73fb25e7,1
0xe64777dcdca11fd8bde96ed05e7560ae789504b6,1
0x8eac39817aa7a1072c6e81859aff383f534a4105,1
0xa1cd04effc5cee3b373f0db23a88e2769ea310d5,1
0x81329aaf7f941302f3cc9ba76edb134c8639a3a0,1
0x27d75bd3192bc64a93dde5220c6ae26ab23f79fd,1
0x9d52fd3f58557f3b5fcd2b10314bf566cabca60a,1
0xd9d23db5632262033ad9f73ac8fbba8d76d00188,1
0x6cb9275b70a362d8fe5d445268e92186d61ac8bb,1
0x04c95c6f8ea7ff7c3f7a2f148fae75650c5a875e,1
0xeb946bfac0d78e7f0d12d53e5f5b890bff25c7db,1
0xbf0b5e79bf66edc4e3d4d060ccbbe2aa5d45cf39,1
0xdb11536b4b5006557626c9acef2da5fce5bc438c,1
0x98fcbc4bd6908433981e4e93a30051864d78dc69,1
0x99101fdda09e2d7b86455695d1699e76a9ff9e65,1
0x20111f285d896e87ff96c9cac66c053ccd79eafc,1
0x97d03b829abbeefb64a4fc2c498d849856a9505b,1
0xd150a1b6c8122e8e5bea1b3ac3457da561f905ef,1
0x952dd5887bd9a061768cec90e2ac8f3c1ed21480,1
0x67a44fed99d0336cd681559cab847410b93ffd57,1
0x18e804e61c44fd194753ce89b32a87acd8435a8d,1
0x810e096dda9ae3ae2b55a9c45068f9fe8eeea6db,1
0x9ab8c999fb53663ebd351c2f2f248f16269189c6,1
0x61f9dc3a073f06a5c70cd48c7a85ea4203087c9d,1
0xb9654cd12524bd762976c7e3b3732ffb0db80ead,1
0x7b2bf4d604ba1c0e42bb8301f6f5ecf7e1a1feeb,1
0xaa6321c45fdf4a90970ad7cd94439905f03ee765,1
0x6acd98b7f9d818699aceb70f5e87fe148ccbb988,1
0xbbd7251832250b37245eaf22818d8e4451855471,1
0x7bb5cc37a81623d6556d64c5d89333d3aee2a39b,1
0x787898f7ec41d2e1c57f235e83375cfd98433d0d,1
0x6e977c8155d914e7aa99331169939978a4d1b102,1
0x9d9d33fbee79e1d726e6e70cca6069e4227a2127,1
0x8a8035f056af830b7205c58c1dc037f826fc2b92,1
0x139faff4d66e91f4248336dbf5bb196ef66bf5f5,1
0xe58bc0de746eb83efaef6eebd55e9ecced6346fa,1
0xd387a6e4e84a6c86bd90c158c6028a58cc8ac459,1
0x2eea5c25d45b7861b24c5a36b3535222fb6a0aff,1
0xcfce8059e1b1178cdefaee5aa5d16b4567be83a4,1
0x8aa551d28e00ab93aa7e58c6474e5df8f34d65ac,1
0x512899f8ae11d27d342ae2982d81700729f0b94e,1
0x2d6ecbd2e7c7e72a81b4fd281904fefa023a7ad4,1
0xff6899914cc3ed62c31920d85391ada61e6cd4f6,1
0x25b12eea057708adcb521ef7da0d4112523372fa,1
0xbefa268bf96807dbb92e23688f4d92b5d12bdf57,1
0xa00d87d9d7bde1d0d793f4ee8a82bcda9c1adb89,1
0x2fe042e25cc3de10629095335817d57e8d9f56d5,1
0x0a605f26a5b6c37b27fddb155ccb495fd4f128c0,1
0x5bb00148af5cc2ff189dfbd5d7f63a3614f46731,1
0xcc3b37eeb73143e6d2a547058118fe25561a4eb2,1
0x51787a2c56d710c68140bdadefd3a98bff96feb4,1
0x22fc06a488b236753a89caeed39b58046b153069,1
0x47836f027d427e78c06f24eabfdd1d2089fdfd5a,1
0x0ea89e9d5b6c12420e7a29359dd16a3567da397b,1
0x81c2eee2902eda6db28a448d8a814f221718ba2d,1
0xd2a744047bb754040911ae14cb5bfe289812e9a9,1
0x3da0bf57b7a57fcccb32c4a54396a2cbe2f43ba3,1
0x1db6dc362abe8ebee595cc08e16b3473bae60a4d,1
0xb2dc0a86cedd23437f649085fbdd7cbf158ee1ba,1
0x7583534d2f2c3699b1acd11b9f2fac9c35acc45c,1
0x450a6049e00c72c8205424a1f3d752ad06382fb9,1
0x1b8d42f0451bc9077e58b1681abd874f174f376c,1
0xb4b8d2f1f52d9d7dcc629941735816172e774fd4,1
0xdb19f64051323485934b4f8625658cb8d30842b9,1
0xdab22cab9d6bd85872c7507b9470ce9727aa22e2,1
0x7cf91c0ef074f4e3fbeebda55dde44ddbd20443e,1
0xde5c0e4c290e444fcc507d621658a21e720ff0a0,1
0xc968fffb7c3dd8c870d7149f454c4730844a60e5,1
0x9fae8562dc4fbcdd9d26d6d10a7fb88ce60a028e,1
0xbbd38f1c8cc4e8f1c4444db21f4bfe2f6393d9ce,1
0x257984b6b5bcfd665532649450242d4df1eb304f,1
0x5a6c8df7d9acea10512420107765adc4209d3326,1
0x931f974d02d25beb1f2f510fa051f81fcb8837e3,1
0x841120ff6d1e9f29e4ffbdb50eda696bbfd98ef6,1
0x3680eaf1f85bec9f120bcaaa9ef469fb849e1781,1
0x50734b1ddbb0011f40e14df926df04d0dd9e7aef,1
0xa20416801ac2eacf2372e825b4a90ef52490c2bb,1
0xf3bf7cf9e6b96e754f8d0d927f2162683b278322,1
0x0ca3a3b144148642f68b88bded521ce637db8f3e,1
0x5f1c528dff93643d004d9e0b20b25ceb2c596833,1
0x2748dd506916598ae2b06629bc0d83d72e9ed295,1
0xa7e41ebd77d94b5dcc5e95b66b694f575dffd3c8,1
0xa52f056c6b8dd39759fead233103a14ddee4be55,1
0x4b670acc43436b4da2d029e38f4e506773caebd7,1
0x1c74fc953de9e46dff6c0b0a9043948935aa524f,1
0xd3143da6441611570a85a855d842b1d4f55bc28b,1
0x79a6ed4326d596c50a9bd965c8d8af101993047c,1
0xfe0fb970566e5ee272692ce8b831f46317de639c,1
0xa1709ead88b791f463ed8075d5bc1c2a85f8f183,1
0xbfeff7e87b2bb80fbedb8e35bd728f0cf2c61061,1
0xdbc431a22eb00b0a552198034717d7563f69945c,1
0xf274ee9f95c21943a1600068ffffb5da1fef74b6,1
0xf6d0fdb8dd8bfe21722c39fdb9fcee5bb50e70b6,1
0xa14964479ebf9cd336011ad80652b08cd83dfe3a,1
0xb29548cf5ab742069387c1f4599cdca5e0273e79,1
0x0264c4cabecafa630bf082155bd394eb6a48e7b8,1
0x7bf8bf27e3f300fece90eb785e4f09aba827edde,1
0x9eaa362844dbe545b63b8c0bda90fed9ea1f5625,1
0xd3422dff94487bd7014855080022b06d7cae4f98,1
0x6bf97f2534be2242ddb3a29bfb24d498212dcded,1
0x2db0ac6cb953573153c2740502f60e248e2aefb9,1
0x85dea159265786de6e73187d5faee3aa318b090f,1
0x3089d5dccf383570ca6d2f11059753cf7618131a,1
0xf7c98f4a76ddca190fc4cdbf7246d6c908242750,1
0x29cc37bb515745a75eb9ec13d2db1b7bc69447fb,1
0xda834e5743899eea822f877d3dbf1dc18489583f,1
0xd0157b9ebe373975cc9bae67e4f4b92e178f072e,1
0x3638ae759c8c1c37b985f06ddc133a0c97f635c0,1
0xeb193090edbd341f606c30af743b48943b750272,1
0xe6f31dc1cbc6dede46b20d087049af6c252ece96,1
0xf4cee91bea1d763841d516c4704c865c7641f4bc,1
0x8abc6546a2895c27d2165776931c1276c258e903,1
0x44d405f8572272d7874bd31c821f5e8a518267b1,1
0xb783dc0696f93ec74fd9214b527278670cb5b09e,1
0x9c6b08515b6414ea390f9c3c3d72b14146618e09,1
0x555a5083c82ca88cd4b4c2d0941495c9198ce6b8,1
0x5a78999b34a038f84b389602a0a3423e1d45add2,1
0xfbf862d62b28c425e29c38091308cdd298424cb4,1
0x60d8d52a265cc4c1e685128b69c4a9335ef9ecc8,1
0x3c0fbce46ecc02f24e3916b368366300a1848ce4,1
0x48be4681972473b498e8b686d38e04826c26fc4f,1
0x75182ab9bea2966bdf3eacbbc2cefba953474c65,1
0x1e7ba17cc3f031a0c5795739317f6b2022ca39f5,1
0xd683678594e7b41281b2736f1beb13ebc5b06ec7,1
0x5c9e2a6fec34b510996a8e2a3d1e2c47a382a8b9,1
0x8272262b6f5c8b5fe307c99d4524b29f0eeb543e,1
0x190fb3b4118e5633820184fe9217049a88f07fcf,1
0x4d123a7a38b1baab51fe31318b9269f41f2580f2,1
0x60882f5ea95fed716c44a228c7b340f54fccd512,1
0x1e3a1348881f6d0a5e1cdc6bf19b88d98399b15a,1
0x41955ab7d12f9f6c03de972b91d9b895d9c2eaf8,1
0xc7c6d5da121a293f148df347454f27e82d6cad7e,1
0x2d1f2ee209111b8f449786aead39f225d6147952,1
0x6c1aa1ebfc2d028b609c6c6b3153e8c94333a3aa,1
0x49e88c0236734eb01243ffc9e84915b3a2878640,1
0xc2d9eb979f4679adc0a4328ac5caa096a03f18c3,1
0x9acb83a514399c9f5201f55ddab61481d0430943,1
0x0664da5943dfe8f5822983492f1cfcaa02396254,1
0x1003b47b2980ae3cf433165f81296ef747e4f484,1
0xe10c1e3f6835abc46a28abdf4d51f11a7aefc388,1
0x4e7fea74833f32f57c545417a8fc68bcb7629cf6,1
0x243a39267a8a15d145539257d2d5e2ba0ad078e9,1
0x024e0c1879db65cf94269dec6461060a181dc1c8,1
0x92cc4d43c986d478ac45f08fff096b8a71397eff,1
0xcba2378fc3c55b0a239508849cd4b40b1f0a4f2d,1
0x34d49e69b180823aa7b6d3ba0d1e747212d54c6c,1
0xf4cdfea7fdf85872141e4f8eb0e953427de7626f,1
0xec234324276680b8de93c048dd69d68181c00356,1
0x2ea9b710e4038dfd78a7fba61b0ca1d3bba7b1d4,1
0xc68a2cc2a8a9f4c0a81ec2cfef61f7a8e23d715e,1
0xa155bb0f8e90a6300c36df6f6ba5f5fd120744ac,1
0xad5bd06f5fb4633888ac7506ec0c87eb99998653,1
0x91c5039a92ae137d40ceaa901f364ad50027caf7,1
0xdf563a4b21baab261d3a3e6aa51c94c7f4e49372,1
0x5294057157f9c4c4c63850644c9494d3e63f0b06,1
0x2b4edbfa4cde362545df0ddfbc2574f4c0ec1a85,1
0x7e3b87d371173a2d82316e03139c0de6f1147622,1
0x478e815c117bd0c33bcc6628d4e30d2776b7b090,1
0x35cbedc3412d3c93dec4afa60ddf38c2a9c38865,1
0x19afca36f0cfa805dddb772ccbe5068368222d30,1
0xefbfc695b171ec729ac92e7e2b0dbdde3fe201c6,1
0xf050225c84486b20811eb5a7527bd39a8cd3c085,1
0x6e3923c05f1420a6852164a6a6e3ed958451616a,1
0x2c673dc2eefbf4c95597f3953a55861e38e3cc80,1
0xe1b289da74a6a179b36db7def1026172cc3baa31,1
0x34978faf3a9f469da7248d1365ddf69ac099588c,1
0xb88f61e6fbda83fbfffabe364112137480398018,1
0x0b0aac968fa73d8f1c26a673c14fe1cc3620bdfa,1
0x231a99192dbd87752e2f483c0ecbd4b71ea95c67,1
0xfd246baa363402b3d4e43241a1b9000371e02c50,1
0xf0c55da3a8274f6843434df0da437ed4ac0dd310,1
0x1514693f2c3889422cb6f50ff07f8a2f44fb901a,1
0xe793b3549bf6f293151b2378a8b098ad00c4653e,1
0xb71192988aa3759bc852455ae92128a619b97f30,1
0xfe4da73ff6543b17b2b18e0e5d94bc87bd79f527,1
0xec9dec944ec3259a98653426be854793eaaee45a,1
0x3c2bf22d43ca548d57bd02febf8a282e71751bb5,1
0x0e63d7e489363028e23a6da417d5767f9e399246,1
0x2fc67edbb3d37cf8c373e8b53215a0e9ac347767,1
0x4b038c047f79e0cfd3762b9e8b4cb017709315fa,1
0x5c7ef5ae70072f7bdc3a546ce86b9e316af9f57b,1
0x3f0fdcd6f59fc4ff885006678e4ada78de1b0dd9,1
0x9d9103b2951450fad4884c0f19a18e5f9cd4171c,1
0x573555dc420c87082143e0b9af96b3413c7514a0,1
0x72eac0495f5aa6f7471b8193a57747eaec8dfec1,1
0x0dd874f41ce844fcdaeba33714b6197136d89b7f,1
0xd66a2ac715fd7628bbcbf49ac3dd4a0f3a5b847f,1
0xf302c7ede4e4f1a2e6982fb8623991bb61ffafd5,1
0x08d620e46fb0ab075000a71be2f808a75077da28,1
0xa604c5c73a707abdc824078224d5c0b3239d0a0d,1
0x96fe88a887f91aca95b7bdfd0b7bc045f79beead,1
0xbb315ba16c951cdccbab7be11b935387d82d98cc,1
0x76baf8a8bd1a1c02f9edd0450d4c8f58fd4c3a2a,1
0x7836abe629bbd0eeb897895176401df9a4cd744b,1
0x98f9626154f44e3f30c112e9bb48b0678568b916,1
0xb792aa01d8526fb630f7d763bcb34a239a0229d4,1
0x55a652dfe51ec04264eefd87d04a42c36b42bec4,1
0xb50495766a322b105aa8025dc07cc75d9403bb5b,1
0x841412043d4e6b727bae0ea5ddb5cc73dcb699f2,1
0x88d8fabbb70d3854b7be95a0237d957cbdea24c5,1
0x0edc79adf90a6f6960932488ae70e8c22db9c208,1
0x3bc3a258fc6dd9f6d3021a47b44706c656faa6da,1
0xf5559d32946212a8f718c8d6c79c19c6200c9d6e,1
0xbb889b8ae21e945cc5982b8c23931de7d3533784,1
0x982b1d44ac3ff17e4e0b6e2091fe0ca62c9442a0,1
0x92a0eaf1e6498cab9107b82f51e74b7f29008228,1
0xee0d982d26d7bf4f52a62a06d22eb7c00576cbb6,1
0x0f22657ddcf96c4d8e7cd22f0ab18fbfb579e551,1
0x7a71dc357646a8149a920dbd26f66f07769f01d9,1
0x008af09b66202cbea89ba780e21861a41ee43e3e,1
0x8510a4ab79cd9b8c32e5a96d2f1124566f17a80f,1
0x2a1cec2f1cd3929f21ccaad083ab22091da3107f,1
0x239b74c2e5505634b7c38c8eeb1de385a16e24e2,1
0x9969db4034a136650cdb07955cdf5635499a4012,1
0x2b0d374573cac356f4d2d74be3aa62b23db6e4ae,1
0xf3d7187fec14d1cc2b10ca84916b7d86541af846,1
0xc5189dd826a5091dfdcc8890b83f9190320d5341,1
0x96bbb339d42cf476e1e20d637bc382ee3e65be45,1
0xd1f0c92bd9b149b5681ff2ef2213e4322033d0b8,1
0x84b833ac214d8bc9d0159b5416879e2bb8cd876f,1
0xcbca960d11fe36a79092980bcae336a1e9a3b119,1
0x9ccfd6d678d1b467fceb11cd115e6c7afa323460,1
0xba0eaa19f49ca94bf28e27968f54d4abf8936b9f,1
0xe3916f1dd2b564f1fcbd0d28b86992120a896a58,1
0x68230fa9310ae6673ae78b6f8e9eb2b9f3bcf372,1
0xc68c7771ec6a6e5d67d62aa9c6f22df69865e401,1
0x6576a26763cefa8f37005c067f7902960dec6b8e,1
0x0793886abcc2e243d890df1e76e1b84220f25615,1
0xcc4a2f7c97fd99b459a022368ef2e3ee4388de6b,1
0x0daac372398974373b29cb61c31deb11afa7ce23,1
0xff37108f227d9b1159fbc42d2aeab138310656e1,1
0xd919845cdd095eb3094c0cf18aed1153c48c747d,1
0x39ad37f8ff56f18bf9a4837a49ee3831c07538ec,1
0x69cc363055d8c3d5e211865e805e145ab9208d57,1
0x11e964bdb0504ff35dee22862da8f72603ab4289,1
0x2d5313b5392f2709f4d1bed6f5f01ec0badc18c3,1
0xa07737951d1c32a86e3dfa8214430d7ec2682806,1
0x45bb3a3f57061f590fa8ab7170d60f0c95ce6eeb,1
0x23a9984e767d321c49f0564e59edda2befbcf7dc,1
0x0d90d85acbdd79c319a98b906c0b04064c56606e,1
0xe9ff88b514c9cad6c060fdca09b05e7080bb262e,1
0xe301612b0751f6d862a27be205fb8e3c40c8c6db,1
0x69a316825819a86c9479c4b18fcec8a59ade5d87,1
0xd00911c7f9e5993ea0cd28cb615c6b21a0101666,1
0xfec19978338ce77ab61f2502648f862765bf01a9,1
0xfe49a85e98941f1a115acd4beb98521023a25802,1
0xb6c7e0fa55656ae6264134c366600e71972681cd,1
0x41ad67f7d547c3c03b45a1fe1239d6ce390638ca,1
0x44b1b486ce8d9c82f605626347a7b1f74add11de,1
0x0a6f270ff37facd07aa85e48add3e73bb8101686,1
0xb5ddb5ed294826f7f211754d7c05cf983b1a3065,1
0x858adff56586ede94cd70a02113c692b53082038,1
0x1de4d49959eafa01ab3706aa20707a3f1dbe2424,1
0x3f7a28ada099123ce1dc8e695f1ead762a239c62,1
0xa5b992a3374ba87a44917cf9c2e20c296d52f7e9,1
0xdb368b61ac7c285c81bb557fb0c46ea7a764fac3,1
0x4ecf4bc90510794f5a4074136efb716485ae0da1,1
0x8b93223b53b125bd892d6de3d310c4c5c8a1f55b,1
0x4b4446723612db79e7f5551ea0568248a0dd8343,1
0x23830f2c4a3ca2363853964f2a449d13339da888,1
0x0a2542a170aa02b96b588aa3af8b09ab22a9d7ac,1
0x9273eb21bc9854d0e06432b5b8c7634ba824ae49,1
0x933a8e83f025a069938a520bd1547d3f2f3a8795,1
0xda6bf1dc76d4f166472cf329ead6a19d19be72aa,1
0xa1c0c0ff6eaa63e7b0c7bf441fc146afdb08fc7b,1
0xbf43ce4a5f58e67f86b4efa94d6f0623903ebc43,1
0x93a95e4aeb71bc0c8dc82c408248a33f57e94f7a,1
0xe6d50cb6e7423c742f409db65f19518018b45968,1
0x8e731a0ba3ad95d90ce743b898ae2eb8dc551196,1
0x05503136f1063e9669764e10c1700ef6a910070d,1
0xf916b594fa568fb4cf5ca7f0ebeb11ffd9e296c5,1
0xec3be799c9217fd27eef5b7120554d5430eaf65f,1
0xf326fc9373450d52d6ec77a71b8c79eab2cca819,1
0x554c89385f3fb1c4d09308c2949d65e87c704eba,1
0xce0f69eebfa13caef1f580eee21631963a90b332,1
0x1fef4e18daee931b3ac7a8ab69546c4d511d8ede,1
0x0fc94e98a5e15ce4f77eec5a5a9b764d65ab4196,1
0xf5e71ddd19a51c83926e257c23c693387667610d,1
0x5db05471759ea801251266a95e5a6ac8b8259c39,1
0x2e89f8b69e755b0e6b36fde2d06d98252e10036c,1
0xe8e974b98c320741adf9235c0a5702eb8e68233f,1
0xc1c177bd80a385fb31b95e5d1a57e3897157fabc,1
0xe2a323110f58ee47cd6ccdfe303ac75aa1748cb4,1
0x1e3a634344cab3ff7a3a72394b3a594a58d36ee5,1
0x5278d0fa9c48e7264af23dd0eaf06e75785d7777,1
0xd6ce702632f94069e138d30836194b121f047e79,1
0x71b11a611d455933fdc45ddc60b1db0c90a4c409,1
0x1ec396ac5964b69c394d2f97f91908e15b3a046f,1
0x52029325ab640c933e86fea95002c1b9a774a6b5,1
0xaf21937a1c01aeeeb708bdd964042aa40e204f41,1
0x4a0d9d160291db0da784c8331aafd112755feeed,1
0x87da297a832706b5115ee1feb47b7fdb7c476261,1
0xdecad6231bd1d59174fef87c33589c9611a293d4,1
0xe7380b7be1ed475de78b07033a8ef4dfb10205a5,1
0x2a05941097fff7ef606bc62da1907719e1d8d435,1
0x8ad272ac86c6c88683d9a60eb8ed57e6c304bb0c,1
0x95c848d11292b0f410da3dc35f41e2ed1e3f5ca2,1
0x7ca8e6b21de829c094f44ff9b410ca8e5524484f,1
0xa7dc1ccc38419245b3e5a1f5b23bbc12524bd7ad,1
0x28bf05cedae52e3aa44cedba44a0b87b3955247e,1
0x50653be1455d3700ba959414ed15a070e5bc098e,1
0x813e63c2376c5b396892da8bfe69aae3093b9e92,1
0xc8c90c83fd08d7e66703982de7a6177732240ca0,1
0x98025f7776884d38093508e31f4e3119e2979cad,1
0xcca79b9536d465e69ff6493853cdcf97830aa3d7,1
0xc7385fdb1174a95fa43d8f77e4dd283c6cc4bbb1,1
0x28b91b119f139a18b5688f6327c4c4eb839ed644,1
0xf045e55802a8f0aead20d6f537bff4fd9fc354b2,1
0x03409a4010d6d23b3d91aa689a7c9cdc0d947da5,1
0xdbbdd40a5c74f3853ecd10f828da2633cdbb6ce2,1
0x047d7e0a147026e41169f0f168986caafaa0c6c7,1
0x030571c35b84e01613383d631c10cc8afaf83977,1
0x911e63cc9d7fbf4ce3f793bae9c3d75702b0fecc,1
0x383a063d64a5103f775720a7bfb8ecc42fc73199,1
0x77f80700f974ca52cf52bdc87efcb3b0e0c4f78b,1
0x7afe1e49e6a44b2f1374a20eee4406a8fa691519,1
0x9547dca1cadb86e6c3d80811de4ecc5b7ead2b1a,1
0xc3f1d077fa590018d3924ce8da1a085b4eae506d,1
0x9a8842a31bf85d7cb54a868c6ad29264faa78379,1
0xd0c31e46c73b386432a3ddf768587df604dd52be,1
0x2f1f1f7008b57c7421f39726a0d223c5b17e35dc,1
0x6e5bb7c3264941b23f7dd6caef868cecf4ea48dd,1
0x72cb2d89bf120f1a4677f94befec51b614f1f4cf,1
0x8348735e5192371ab899118d5cf9fb258d7ce5c0,1
0xbd9b7373aac15d9a93c810df3999343f4fe1ed88,1
0xa8c181e1ce31c5ac4e5737b3465eebac286f415e,1
0x1d4b9b250b1bd41daa35d94bf9204ec1b0494ee3,1
0x8a85fd123fb3d211b979346204772209b39e9af4,1
0xd3e2e76e4ab0322614fe7aaa3be0b04bed83d0d0,1
0x06074279257fde7d5ab41c9673d134295ba1a28d,1
0x60f1bbd5d1300d8db8abcc75236eadf2adf5104e,1
0x237a86eaed0df656d8bc4ae619760ade5b4705f7,1
0xf90a1d5081c7c66d13762fbdb5ff3cd5fde3d844,1
0x5c736d849527bb15fbc0111f4ca13b4cfc1a5c8d,1
0xf9d983b7be9d41f8f94180de199a2ba6828ef458,1
0xff55a4519f3a9a94c5528079d25f3dabe148612f,1
0x0b071354be55d703b46f20e279853ca8f4e28ee4,1
0xaf550e2d5129c17053ee5da3ab784658a592b6a0,1
0x482293e4c21130f069169e5d7e9c99f239c5ee8e,1
0x651a6f6c0b331a2f9d036adcf0ef5e268055d7d7,1
0x1db5628f9443a603615beb064106bb159bedeebc,1
0x852857c907bc434d341f6483bcd10c9cd4cb5ac2,1
0x8d5828f1f143de2a6c1ce7402b6346ff4749439a,1
0x571d1ad0867b02f9c90c1efe64e32e8d50006a4c,1
0x4266824b77f40472333ffd5ed9d6fe40a452f3ea,1
0x6250ad95533b1f6d2ff1ffcb3df7d31cec0b1271,1
0x27abb15accaf87e2795342a4ef445e1789bc1f7c,1
0x73fa5f3a4171d8389bad7dfc31017dc7bfcabf44,1
0x5fbd3561c19a53af07db9a376b08e62b75d1ad43,1
0x8da24b480689314c6d217f2d0bad0daccc87ff44,1
0x668691a6f759ddb1624bf7f1502cec6cf71900fe,1
0x07e522bd635710e752343387b006bb7047663d77,2
0x244fe02fbcf4db4ad96063b161f00e444fc54011,1
0x17106b7ee3c4d1ad690b9caf2b2a2a6e1bde49d0,1
0x8586c32dbe1c986bffb8f1ed6c3e8c6489f4fa3c,1
0xfdec0aabcd16f5e3953aa479d6d1dff298483c1e,1
0x3b2dd499b5c4fdf97f794525a9586f62e334622d,1
0x1b672e08c3cc6486b1c01d1114d5ced3c5682882,1
0xe93a9c6e2deac33995f7de57ac083a65733f0813,1
0x54dd50ee1ef8d93bbf60241f5d91da631897e714,1
0x22ed7a936d3dea108004e3229f3bd3d84c7225db,1
0x2bde15dfbc4cab612f8288b9e2acd8f6298ac018,1
0x27d06aaa0bfb51dbb2d415591f5f4993e6394311,1
0xf9ff406304e9075d93a2328ce4550b87e0757a10,1
0x8bf048b0a714ef31398097037510ba449b2b99d8,1
0x733cda6dd2e2fe13f702b5968eb5400b22590a6e,1
0x3a817436d6900e9e45c517144ebbd0e1f99745f5,1
0xb64a8e573635d71e84a7c2ba03fbd431d2f3e17c,1
0xf886367b3ef11510b3201d937073782e5f3eae23,1
0xca6e143ac0327ecad7ac287e6fcf34d8e13058e5,1
0x18412b9f84df461bdc0f2e0709df507d5bdb6363,1
0xbe95b5147cfc414d260c6f8c1c70dd150e0acf1d,1
0x0162f0b0deaf7147d5603d83c2c149737a6e80df,1
0xc734b794e323d0256695247c305ebc6964e57f60,1
0xfdb325752f9793ae7fa4aecc641cf5386846f566,1
0x310ffe8defda3b8fd626ef05ef0b34cf0363e90d,1
0xb6c50f4dcdbcf91e10aab06db6ec839b0e7ddd00,1
0x37f657b97f3830b00c2fcccee4416be650d77bed,1
0x42fc06d238f730b945c89b74cd30758dba17847c,1
0xa46e0226d3c988ebafadd1838daf2a3318f21783,1
0xb320826ecc718506c5d86f14494da398900ad360,1
0x253c3a24ca84c55094573590a195ecb161b89d55,1
0x3ccb86a565daa86d1613a634dd16663779bbd63f,1
0x8bc80e913fb7f1e315d787f5c3cf445e44ab40a4,1
0x97d9aeade7a1e2e9be6fcd85450f9dce9d08fdcf,1
0x85d04aa7070871cf58a994f780cfb656d5e8fb2d,1
0xb3276a67634206590d3e0f7192b4df34ec184eb9,1
0xa7bf924a81e531183a81235f2f8916e191cba407,1
0x2eea9e62430221a920b8a5d9ade88e8ebc3d303d,1
0x6f15ddf0abd573986875ed740c1a94f5fef65205,1
0x4ebb8d641a2f28b78538c33414628abffdd04a2f,1
0xb93fc5ef3fe9d9b624f17b88c0323d281872509e,1
0xe560646ef7a69400974d85e818bc0e054bde65c1,1
0x92d6d3dc53e657e22f2ed3ae34b1128d3b1ec9a8,1
0xb0bf7fd6f02258b47f9f0d2dcc469a43f6f62c37,1
0xa42fcb74efa879f9f27c1cd521bec8c76b324cb4,1
0x3659aa07f21b361a3955f85bf7006bde904171a8,1
0x8457e614bcd617d5c81409a7e1d17db7ef9a3fa2,1
0xb986cf96d32716bd8cbb22b0063c35d2768f64d9,1
0x8b2ce5097f4a1619ba02f443ebab5f306342b867,1
0x0dcee254468df83cfe9dfb2236bf253459cdb079,1
0xdeb4c5add00ed94bac132593bf982116a2d7a9a5,1
0x6cc4774cf4d4c738e3310f1b210c6ffe23d93999,1
0x928ee99d063ba6839c30e663822c8cf6c6dcda02,1
0x17b4a0de7e92e34520816d27171f6dc8fc407f03,1
0x4c12647eee5b2ab6c11cf9c531f4d62e50e67d4c,1
0xd13e4780ae2e4df44d4195a169ed1be557e8762b,1
0x880c8fb6a59fb13ee7894b4fc18b7cbb529ed24e,1
0x2f059371297852181bb3565f0d07378359f76690,1
0x0f1e63ad8985886300b980aa646398dc9e1ad7c4,1
0x1c4351c97177418cec07ff733f107fb9879dbed1,1
0xe4fdfd7f2b4e4926759f2b1ad403d45a1aa9106a,1
0xc88b7e0ac91ad56e9f19615c465cd3a3cd02039e,1
0x24f0a0a76f6057829f292a09287df79d24249186,1
0x3a89cd7d1cf3eb657f70954f0011548675c7132e,1
0x1fbd9f38f10ff3386efb7ce7c9caee7c92195759,1
0xf297ffe8bd936dbbef991c913ea4a3c7bb2f3bb2,1
0x10eea07f522633557a4eb00bff16c2f466d49983,1
0x2d2adcd04aeb3b41fdb836dd7a644c3cd372bde6,1
0x8ebd84269464b6ad7353d192f3b487e69d607e05,1
0xd1e508c60d923cc9e93785da0bffe01710ccbac1,1
0xdab1ebab37c06e0b2088342b5f1d1fc7ec8de915,1
0x7ddae9afcdf981729b18ad3ac0fcef50d9662c24,1
0xa2cdf058cdca7620e65cd39e432e612a1315bbf4,1
0xe2f3e38565314fbece1c6aef5554852891a5268f,1
0x8df937afdf1d08c2ba565d636ca1365a42144385,1
0xe1b8f185a6d65c2e6e46ee8ddbac4afb69b85ce9,1
0x45dc6a497c6f1b95e9942fa6fc833b0089cbdbbe,1
0x888801e8331d0d6098d53a5571e9444ec351d888,1
0x6e672528f7abc31bcec8bcf16c31aba3abebdad3,1
0x0623a3b40d4a7a95e410d203fae7d8f9c92ed480,1
0x42eb89cb1714a93de52601cd566bf1710941470b,1
0xeb10f919d15740e4d1a695ff2ff5a239850b351b,1
0x693fb4c126da8e126687b16c809fc19d2409d522,1
0x06abd75a4c3a4a7d64b3ffb6ad05ec958409cd29,1
0x354ac42d5e29ef57d956d6967c54b084524d7b84,1
0xc33afb2af5e7c44f30cf9b121a01baee2965bfd9,1
0xc0f628e4b48ffdf40d899a4815bfea125da976b6,1
0x20251a0505ead51fb2c6ce5c1f399924ea068322,1
0xdfd3b58cfc180168faebb6366b98aff25fe1f8f1,1
0x5771b01da3de10fecaca1a9ec601f1ab1fc43b41,1
0xc11d5b08c0cb32da53cfb8eff502c3319b039f3d,1
0x8f77e5212ad133ac1ba5f63816719202234fcfcc,1
0xab9f44a5c2b5fa488302668e49c1cf473dc43d94,1
0x1ffb432ab573f5a556c63eeba9fd5b53b09fecff,1
0xaa6be4e0e099e230ab5a809da8b07c9773b5407d,1
0xbb102b973d602bf0678a722baaa596d664781f5f,1
0x6daafa799c4d527f718aa83a81bf6e0abdaa3d61,1
0x6bf77c64fdf0e0ef59e9f8db5aed54821c01579f,1
0x8e2336d04480fc7eba123118536e967c23f458c5,1
0x5399a09fc5d0054fe1d0c15b2dd135fcf7cc3ade,1
0x2d040d1ebd00f0cea5c02a9facf93abaa92772d4,1
0x0f3c600960b143d46c70b0ec1d9da818a7208f9b,1
0xf093440b42e2246f8e11dad60a5243e385e3a586,1
0x3852471d266d9e2222ca9fdd922bafc904dc49e5,1
0xa8335843bbe4917cb11a4ca8620f08e48b2c9cf9,1
0x86a41524cb61edd8b115a72ad9735f8068996688,1
0xf6aafb44bc183d3083bfae12d743d947ca376562,1
0x043baa17f9f8e7bbae050e8fb3d632de3e18c891,1
0x0ebf701d5d42f1fc14043687290da575f905a436,1
0x92f508da769a97c7a073629fae7aaa943bb2a0c5,1
0xe67f0a42ac8213fc2d52fc06ea7d45ecfb1a2fb2,1
0x11b4961ea4a60f548ecf694e7e35ee7e9309f0f5,1
0x31f7d87f5f6a90f8a9ff6328e2c607b637f9c157,1
0x5c3d9b559e5d8f476044d930423a894d30eea5c8,1
0x54cb5138bfe9e89445ace9b6cdff739f9e3dc2d0,1
0x5dafb2d1f8b20501da62ba00c0c283293aa0b70c,1
0x6abc0b05b554212a6bcdc10f6bff26017d5adbb0,1
0xddfcb75f00f2cea10097a0ecc44a32a9c4b62cc9,1
0x9aa91eeed8e34d7ed2145d651f76fae3e15371d3,1
0xa2b4c342de8fd84bc635ee0717f61830ce40980b,1
0x0c544f463600eb7d94b3694f3f3eb171c2f1a93c,1
0xeb88c3ef20e657ec64ba354c0114482a05dac6fd,1
0xb258e243a526e79c4b5c8dd5df490e42eb7927b3,1
0xb175855d114f6560105e0d7c608785466879a27d,1
0x328569c27203b453d3aab24ce49d4d3002067ac9,1
0x6b912a4a8d185e3e6f50c75c9597fb6741f75be7,1
0xaae8c50d76c76fb8947c9a203103d28b55862977,1
0xd54aa07a5e77bcc0269e2f1a830139fb72d818a9,1
0x346b54cdf75cd6dd2f41f5557695f210253a6e94,1
0x94db5f225a1f6968cd33c84580c0adae52a04edf,1
0x981b11a15b8b4678af024f91c806ba6d743aba15,1
0x8dc22f2e5d71ee3806cfe3dab6919fdde30bf802,1
0x0b7d2c4f89d1cbb290af0733e1241ff1d6fc72a8,1
0x1f6278bd02a577f057f5e17d2af6cf008d508bbf,1
0xbb34a51cb9ad640c26f1064322b134141df2afe6,1
0x2ddf1f982e1bdde70c7ede254a52686aeb35c9f2,1
0x26fca9a99e95be90447a25a1da852d870417aac9,1
0xf14ff6c6c32172dfbe09e1ab2dcda4173fe9ad23,1
0x61147b25191e3e4b042d5c42592135df4c2fa29e,1
0x6e5b0de0add71e1052b11abbfe6c433dd0466fb4,1
0x9c8d8642c20b568f9eb4248cfe49bb220451dcb0,1
0x42ec9ab7db1ad0b3a0c77bbe77c436c58db8eb7e,1
0x3f6d1e260fd0f69be8fe8ce1c425079b4ff4ae11,1
0x72ba71557730a3f9c538b7ea4dd7b4e0d3cef6d5,1
0x001442c1a4c7ca5ec68091fc246ff9377e234510,1
0x8018bbadf493a80051ab73b83df31d1bf37790b6,1
0x3bfcdda69bfef9ab5da3c3e75c0ff0e0a3074a5d,1
0x4470e0f5a0a3969cb0d5aba71ad4e6c759dfc824,1
0xd6d0d1fcc9cd40c0462514e1cb9ed898b725fad5,1
0x41de1eed3fe18618f0df558ea363c522ec18e194,1
0x338b952753e8e6ceb113b9cb8ea20a978a7239d4,1
0x3d7d85485b37360c7ad7ce17e549fba5473a0c0c,1
0xc93b3390679481a31aee78b12f1a17b600f2248f,1
0x6718c0b9061159823440abf4635707b2ed8e5ca8,1
0x5ef082f4897430987db4f182fafdfd7a442b064c,1
0x793aba8ff4b3caadba0aa143326ae8fad5b12412,1
0x0ee7d116e0c89aaefb3c3653cdb71e384766ad11,1
0xd6d30a3572b40d4137a968d4e0ca41b682aa477f,1
0x2292325e3b5b7506da6e78c9e4510b0e5537ae09,1
0xf0a0516f531e54f3905680d7ddd8db75e0ec4f22,1
0xfc0c364d64a9664f284a8d74ee27f88d897251e9,1
0xe48ab528f2b51fa68e22d57069cffafcd4aa2b6c,1
0x1e0a980dc878e8af6ed79ad189a7334d2cd737ef,1
0x02cd1755a3322e7a58b068747713be91948d1e10,1
0x4d6fb29c0a7028b26f84b694f8ae4cd2ba90f0f5,1
0x89e084cc06b180ec5beb1d8992e62b0a61abb2c4,1
0x1989e01962646dff41d4994a411de9621bba5580,1
0x3c098770c32634140f77401c7086cc2e48ca9ee5,1
0x2b2c3544cbd93aeed917e0a017f3387709b4c679,1
0xa4d07c23f28a1eb1ae471e530c3f5e0038d282f2,1
0xab5f32d395b515d132d5a1f1e3337f4f679d13be,1
0xa6e50c3d38b21a606f919d3eca0b6e9271704fce,1
0x1febadf986428f0888469b0a5e8f6d791496e3c0,1
0x17154fb9a5ae2b24cf81f3d813c27d8f741d25bf,1
0x587d5b38d1ccfe08fa59230c1d5bbdd8e66e4ab1,1
0x60bc11840966ae3946ad1904a8efb6622226be25,1
0xfc3bb4de7b9cc6e6b628064112ebe0f0dd308268,1
0xb8a4624d5eb9dbf05fde82a3af920100c7a19086,1
0xed6f54bf6f08ce95afa19a8c7f7b2fe460accf11,1
0xe15e568806bed33113a94b8881d94ded3330056e,1
0xe71775afbe475bd88d44e27f4bf1f94118e33e6d,1
0xfa8016af3abb381723d62f352da0c5ad39c8503a,1
0xb0115095f99f794f15753e1eed762631578b5268,1
0x8436e9a3aed9f8d595684edb1fa7ebd6ea6a2cfa,1
0x3e960c18474442fcf4e00ab1d9a6b9b5cc0a9777,1
0x6b32a10fab26bab0a92dea063f2261a196982c40,1
0x358e613a774e14830e1792ea9df701c1f0cdaddb,1
0x71e22168b702bcff528b8974cd4b723250b67609,1
0xfa9adf59f9b51101425b487ec77f7d087bfeba5a,1
0x636092fb78dadb2c2f82fdb56bb146166d90fe13,1
0xb14617559e6bb564ce7826a354cc1db7030127ce,1
0xc386a793af6cd288815a32128e5db7177a8441d9,1
0xba944a0293e614c9437083477eb466ab81fc908b,1
0x484a12a27e8c95718e0b60d14369bfeaa426aff3,1
0x1ced3c919de847296f1062142e23b04899dbf2a0,1
0x996d36a1f4dc7a497a685cd33356d2311fe9015f,1
0x37ba996dd7eb738af38af7839a17ad19cad5f155,1
0xef6914f95fc782a5397cff1686873da77fdeca8f,1
0xf46ff05e1a1616d314784de85554c7417abdce82,1
0xad2d6387a191586ae552756ba3506747ee877fbb,1
0x641b05e7b36ac69b66ef20cb6853cd185e300f43,1
0x3b545f8657dc848d6fd525c154036405d7259691,1
0x90a38dd336e281462b7e01bb6b63d85be22f6a6b,1
0xb8a69fd9b077b1588cc10d807efc4618df22b99c,1
0xa975ebaf140d206080dee102552dbf88d057af18,1
0x76a973d1d7c15f07ef3e4729a2d370b15614444e,1
0x2b95620d41d5488d1018350c562b52622e68f0a5,1
0xc85b473b58f889d9bfd4f5c30ef6c0417f11cec5,1
0x7daef0084b8bb7f845e4d7ec0bdf4bb0992c0621,1
0x6b1368d3a890c46ce9b0d6eac4d36f2a432904b8,1
0x9fc7962ad74f3b42d78f3f46b4f82b025b91d059,1
0x7bb24f9ae8843590fabf42e049577e2ba68afa0e,1
0x1c0c70c09c1a7931d918dfd07d3fa08c91977f91,1
0x3f86d4046be7812c886f3b9f00aeaafde39d32e6,1
0x4ee1f9da5028d1dd85aca765f405180186572e81,1
0x37c196fbd9a4355af684ff988ff4a17ccb181ebe,1
0x7333a52c1355fab787de23f28354faff5e6a9688,1
0x8563a711524c86f2a24fb18ea05eeed2aff280df,1
0xb469e5c5296b82a99270dd2a286dd27c2f79d71d,1
0xb53ee69b92ad6d12e6f3b1f849ad3e706e31a263,1
0xcb69c5838afd73317abe43ea23574ddf7a6e51b7,1
0x5d159f3524f26441fbda1758a4a6528ec77e36e1,1
0x1eb322c016815ee5b29c071586c1b75be5934576,1
0x7b7ca7aa1034cde3d0d93fb2e6a6b3e4eb09bb60,1
0x04b5a01e011352624245a5150d7f36e754ef8b62,1
0xe0a68cae437373160f1854e411cce05841e1bbaf,1
0x43bf1f6a7beeb1f4b9c14314319ef1b90b5c0a56,1
0x4fe91b32cfbba12f31ea73331f932a3f031ddb9f,1
0x278321e66d4d7c400eefcaee96deaaea75f42434,1
0x5322da29ca29ced6854f4d222b2a4164baa64baf,1
0xcf01b135efce6bced0e2b8ec55eef6380dfef07d,1
0x92be9a3f9f5b3ba7d8d18430723d3c4f82539e74,1
0x9a6342516b1b209535c3a904ffd5055a45e48e29,1
0xf3b059c887172f2cc52b5e77ee3b2c8b3a32e6ef,1
0x3fc145ea0fa4290ff0304c689f78dc8fc69788f7,1
0x8a0ba098c376e331d6fe74875ce242c47d99a226,1
0x4074bc05a89f1b97b51413b06f7e44f46eae6880,1
0xdc8d581cc9ad83d61e5f5aa9d998bd325a4b8b06,1
0x4d2cd3e1d994ab457197efef5b8057783c2f7d32,1
0xbfbaa97b4f95758df42f6ea6b2a2efba0460efb3,1
0x91cb5cab14aa32b150aa35f4813784473f33eec9,1
0x06c8b31ffdc10b2dafda591f41a2371f7d04c60c,1
0xc91915d01bb96ec08b9b5fd767034de9cd390f17,1
0xa95ee864f3aafb3da6546914ced476cf0a49ab2b,1
0x61f2d8e2b5ad7a47b2217197f5a5a3df25ae915d,1
0xe831977b52714501b52bada9034021a7cac79709,1
0x688b6650f9e1b5d766b5161c0ea3c56c19c95adf,1
0xd3291f4d3ab4f18e1fb86b1042c00a8de6b52107,1
0xa8e54b46ae93e14eedae486a9efcd4c7b5a5be20,1
0xa26979cacb7da6b0218f288ac13e88c07a658323,1
0x6206d5426af834886d1d424aaec7a1e03478e702,1
0x18d109485c3ed11e7dd99d9174a1a368548e28fc,1
0xd2f86cbed86db85c859903ff5f110b15d95b1350,1
0xa2614f054958e3fc8d24250a397d9ad656f9c3e1,1
0x386e96e10447095a99b919defc955c6d4835c279,1
0xf1339ec6a48c55c2f80157778f85c1064d7c77c1,1
0x14baaa573906c24ec9dbdbd3d092fdb869b2d0f4,1
0xa9ccc49a14b707b9ec062ad83983c41ffc2a2e4e,1
0xe9cb56a31a8aaaa28dfd30a037fbcf470bce1e2e,1
0x12efdcbbcdd6695109ada38e33c56173c2ffe2c3,1
0xc464465e1391a2f81ceabbf9afe211c32b43a067,1
0xcc44329a34109d973326edae0f04cf0f71f406d4,1
0x285304c4cc2a512407cda997a805e551a5d5ad89,1
0x8edbc8e6fdd1288f835f60c163da1554f79d0a56,1
0x17de8591163a8a9b6752efb9d05cb7290e887a6c,1
0xa28e586e24e6d78d05e822188ddc118ac2fb034b,1
0xef1fc81fea415a39631a33d92a8f2cc117761e27,1
0x4dc81d4a592e67057ba966f51a4885f5518c160b,1
0xa7c3f481810149f3853993abc4e85c49023cd2b6,1
0x991f2ee7bccc5d8cb9bbd60d3d7118ef4a03538a,1
0xe05ab36d8e6e5969968df13508d35aabedf75b77,1
0x13a2b24101f087068bda48c8589c1954509e66ac,1
0x1b279b87924e9f9480da901eae53caaff98ef5db,1
0xcb9f87919b6818ccf3e8350e0ee2e13200dc8fe8,1
0x8a3add4c72da23e647b76150127b78d79c5f0847,1
0x64d109081b38c4884708d816baf0dca36e75cb8f,1
0x9dfd0023744901073b88bb0b01e4234fffe91fde,1
0x0533b89508b8055381101c7c2a6fa3f6a50d5872,1
0x0571cb3b7b1ee738e189678a22eb3edd342ed5e1,1
0x3bd8f8600a20aeed0c9bb7f5f0f55e1ab429ff5b,1
0x329bd4e3b8f1493c37f6a46cbf40fe559ee1d9a4,1
0x5eff35d620168bd496b39243fee0afdc593e972c,1
0xb79f550b3586e3c75f1cc57dd81db0ec10bf37b1,1
0x757394197bf7f1d3fbe8ea4c7fb012b821ea37e4,1
0x718d779affa85f2d4ccafc782042d0bdb41e67d4,1
0x3d0400db7e6b017c05078cc07ed31ec4963fa994,1
0x35d1a3dd6c50deaebb7eacc6077a586b5dde09d5,1
0xeb6599cc9681724137c24bd04add50fad0bab11e,1
0x0279273242ea0a8be97f682221c0c7f9187416db,1
0x00de86cbe88e953c38ec6afb20e34f3c0f5762c9,1